1787417228.536292619 0, 35782, 0;1, 35836, 13;
1787417230.734548538 0, 35822, 7;1, 35898, 78;
1787417232.900435564 0, 35866, 92;1, 36372, 74;
1787417235.083572006 0, 35994, 34;1, 36948, 80;
1787417237.268642607 0, 36102, 93;1, 37514, 100;
1787417239.427066097 0, 36230, 50;1, 37738, 100;
1787417241.594936719 0, 36230, 92;1, 37996, 99;
1787417243.873762787 0, 36476, 79;1, 38468, 99;
1787417246.074470273 0, 36486, 44;1, 38732, 62;
1787417248.242082982 0, 36486, 86;1, 39958, 71;
1787417250.399751259 0, 36696, 50;1, 39958, 100;
1787417252.598350431 0, 36824, 67;1, 40644, 99;
1787417254.771013068 0, 36952, 93;1, 42104, 99;
1787417256.958549017 0, 36952, 90;1, 42216, 100;
1787417259.127980766 0, 36952, 18;1, 42574, 20;
1787417261.616621316 0, 36952, 32;1, 43700, 54;
1787417263.892174611 0, 36952, 93;1, 44616, 77;
1787417266.032905261 0, 51576, 50;1, 44616, 76;
1787417268.216239516 0, 53180, 91;1, 45352, 99;
1787417270.395075961 0, 53276, 0;1, 43389, 9;
1787417273.129743593 0, 54606, 22;1, 43791, 17;
1787417275.323798870 0, 55144, 52;1, 43791, 63;
1787417277.532318069 0, 55318, 98;1, 43791, 91;
1787417279.738204077 0, 55550, 66;1, 43455, 67;
1787417282.057517180 0, 55614, 78;1, 41439, 23;
1787417284.377690705 0, 55802, 60;1, 41215, 33;
1787417286.547230498 0, 56058, 100;1, 41215, 60;
1787417288.832358268 0, 56586, 100;1, 41215, 41;
1787417291.120160250 0, 57070, 42;1, 41215, 19;
1787417293.507630838 0, 57342, 86;1, 41215, 50;
1787417295.801293197 0, 57470, 58;1, 41103, 34;
1787417298.167492051 0, 57790, 95;1, 41103, 45;
1787417300.456398095 0, 58176, 51;1, 44829, 0;
1787417302.772627356 0, 56939, 15;1, 44829, 3;
1787417305.014560403 0, 57277, 100;1, 45653, 50;
1787417307.218786883 0, 57277, 98;1, 46681, 77;
1787417309.414696688 0, 57277, 98;1, 47267, 97;
1787417311.585814543 0, 57277, 99;1, 47267, 96;
1787417313.772704215 0, 57277, 92;1, 47139, 87;
1787417316.062751316 0, 57277, 73;1, 46563, 98;
1787417318.266708391 0, 53693, 0;1, 46435, 71;
1787417320.434333926 0, 53693, 0;1, 46179, 43;
1787417322.607173987 0, 53693, 0;1, 46115, 61;
1787417324.796344900 0, 53693, 0;1, 46115, 97;
1787417326.963022855 0, 53693, 0;1, 46205, 99;
1787417329.156245043 0, 53693, 0;1, 60829, 100;
1787417331.338435860 0, 51329, 1;1, 61503, 85;
1787417333.533945802 0, 51329, 0;1, 61503, 96;
1787417335.709593510 0, 51329, 0;1, 61503, 99;
1787417337.994443644 0, 51329, 0;1, 61061, 80;
1787417340.266517998 0, 51329, 0;1, 61061, 0;
1787417342.459641767 0, 51329, 0;1, 61061, 0;
1787417344.635034915 0, 51329, 0;1, 61061, 0;
1787417346.827231647 0, 51329, 0;1, 61061, 0;
1787417349.022549404 0, 51329, 0;1, 61061, 0;
1787417351.173598721 0, 51329, 0;1, 61061, 0;
1787417353.507461496 0, 51329, 0;1, 61061, 0;
1787417355.890559981 0, 51329, 0;1, 61061, 0;
1787417358.160033731 0, 51329, 0;1, 61061, 0;
1787417360.424420107 0, 51329, 0;1, 61061, 0;
1787417362.956024188 0, 51329, 0;1, 61061, 0;
1787417365.223402793 0, 51329, 0;1, 61061, 0;
1787417367.475476700 0, 51329, 0;1, 61061, 0;
1787417369.745264060 0, 51329, 0;1, 61061, 0;
1787417371.982558220 0, 51329, 0;1, 61061, 0;
1787417374.224744914 0, 51329, 0;1, 61061, 0;
1787417376.464461608 0, 51329, 0;1, 61061, 0;
1787417378.673868605 0, 51329, 0;1, 61061, 0;
1787417380.952037380 0, 51329, 0;1, 61061, 0;
1787417383.204219284 0, 51329, 0;1, 61061, 0;
1787417385.471621724 0, 51329, 0;1, 61061, 0;
1787417387.715227116 0, 51329, 0;1, 61061, 0;
1787417389.950255112 0, 51329, 0;1, 61061, 0;
1787417392.220304533 0, 51329, 0;1, 61061, 0;
1787417394.461582596 0, 51329, 0;1, 61061, 0;
1787417396.710794862 0, 51329, 0;1, 61061, 0;
1787417398.967036784 0, 51329, 0;1, 61061, 0;
1787417401.216824033 0, 51329, 0;1, 61061, 0;
1787417403.454369212 0, 51329, 0;1, 61061, 0;
1787417405.695317307 0, 51329, 0;1, 61061, 0;
1787417407.950585052 0, 51329, 0;1, 61061, 0;
1787417410.175135978 0, 51329, 0;1, 61061, 0;
1787417412.415476613 0, 51329, 0;1, 61061, 0;
1787417414.647600193 0, 51329, 0;1, 61061, 0;
1787417416.891526148 0, 51329, 0;1, 61061, 0;
1787417419.162863955 0, 51329, 0;1, 61061, 0;
1787417421.400591392 0, 51329, 0;1, 61061, 0;
1787417423.623059422 0, 51329, 0;1, 61061, 0;
1787417425.840690747 0, 51329, 0;1, 61061, 0;
1787417428.063450098 0, 51329, 0;1, 61061, 0;
1787417430.303328257 0, 51329, 0;1, 61061, 0;
1787417432.547728037 0, 51329, 0;1, 61061, 0;
1787417434.774749207 0, 51329, 0;1, 61061, 0;
1787417436.995849935 0, 51329, 0;1, 61061, 0;
1787417439.462296913 0, 51329, 0;1, 61061, 0;
1787417441.718871686 0, 51329, 0;1, 61061, 0;
1787417443.935108398 0, 51329, 0;1, 61061, 0;
1787417446.187902836 0, 51329, 0;1, 61061, 0;
1787417448.434845743 0, 51329, 0;1, 61061, 0;
1787417450.663305173 0, 51329, 0;1, 61061, 0;
1787417452.910847521 0, 51329, 0;1, 61061, 0;
1787417455.175390008 0, 51329, 0;1, 61061, 0;
1787417457.432797636 0, 51329, 0;1, 61061, 0;
1787417459.680260668 0, 51329, 0;1, 61061, 0;
1787417461.925260059 0, 51329, 0;1, 61061, 0;
1787417464.182903751 0, 51329, 0;1, 61061, 0;
1787417466.454665933 0, 51329, 0;1, 61061, 0;
1787417468.680887623 0, 51329, 0;1, 61061, 0;
1787417470.923084723 0, 51329, 0;1, 61061, 0;
1787417473.164215841 0, 51329, 0;1, 61061, 0;
1787417475.415842418 0, 51329, 0;1, 61061, 0;
1787417477.673085582 0, 51329, 0;1, 61061, 0;
1787417479.921603058 0, 51329, 0;1, 61061, 0;
1787417482.156910367 0, 51329, 0;1, 61061, 0;
1787417484.541064468 0, 51329, 0;1, 61061, 0;
1787417486.785609202 0, 51329, 0;1, 61061, 0;
1787417489.038665061 0, 51329, 0;1, 61061, 0;
1787417491.283268083 0, 51329, 0;1, 61061, 0;
1787417493.543142143 0, 51329, 0;1, 61061, 0;
1787417495.782469721 0, 51329, 0;1, 61061, 0;
1787417498.049866134 0, 51329, 0;1, 61061, 0;
1787417500.311005103 0, 51329, 0;1, 61061, 0;
1787417502.514087682 0, 51329, 0;1, 61061, 0;
1787417504.672984674 0, 51329, 0;1, 61061, 0;
1787417506.831109475 0, 51329, 0;1, 61061, 0;
1787417508.988883467 0, 51329, 0;1, 61061, 0;
1787417511.297304604 0, 51329, 0;1, 61061, 0;
1787417513.492499453 0, 51329, 0;1, 61061, 0;
1787417515.685398161 0, 51329, 0;1, 61061, 0;
1787417517.862323295 0, 51329, 0;1, 61061, 0;
1787417520.027559491 0, 51329, 0;1, 61061, 0;
1787417522.194563462 0, 51329, 0;1, 61061, 0;
1787417524.391503089 0, 51329, 0;1, 61061, 0;
1787417526.542956941 0, 51329, 0;1, 61061, 0;
1787417528.741150373 0, 51329, 0;1, 61061, 0;
1787417530.931365799 0, 51329, 0;1, 61061, 0;
1787417533.112151292 0, 51329, 0;1, 61061, 0;
1787417535.286106475 0, 51329, 0;1, 61061, 0;
1787417537.465000483 0, 51329, 0;1, 61061, 0;
1787417539.622948135 0, 51329, 0;1, 61061, 0;
1787417541.813911754 0, 51329, 0;1, 61061, 0;
1787417543.999818406 0, 51329, 0;1, 61061, 0;
1787417546.191129613 0, 51329, 0;1, 61061, 0;
1787417548.375151829 0, 51329, 0;1, 61061, 0;
1787417550.671259537 0, 51329, 0;1, 61061, 0;
1787417552.837353970 0, 51329, 0;1, 61061, 0;
1787417554.987048105 0, 51329, 0;1, 61061, 0;
1787417557.158709999 0, 51329, 0;1, 61061, 0;
1787417559.351659256 0, 51329, 0;1, 61061, 0;
1787417561.509489382 0, 51329, 0;1, 61061, 0;
1787417563.691715700 0, 51329, 0;1, 61061, 0;
1787417565.917687161 0, 51329, 0;1, 61061, 0;
1787417568.102340811 0, 51329, 0;1, 61061, 0;
1787417570.328885682 0, 51329, 0;1, 61061, 0;
1787417572.550572327 0, 51329, 0;1, 61061, 0;
1787417574.774194246 0, 51329, 0;1, 61061, 0;
1787417576.991022197 0, 51329, 0;1, 61061, 0;
1787417579.211499295 0, 51329, 0;1, 61061, 0;
1787417581.388180975 0, 51329, 0;1, 61061, 0;
1787417583.645326585 0, 51329, 0;1, 61061, 0;
1787417585.927219740 0, 51329, 0;1, 61061, 0;
1787417588.135583425 0, 51329, 0;1, 61061, 0;
1787417590.525343134 0, 51329, 0;1, 61061, 0;
1787417592.958430873 0, 51329, 0;1, 61061, 0;
1787417595.422115365 0, 51329, 0;1, 61061, 0;
1787417597.615133779 0, 51329, 0;1, 61061, 0;
1787417599.844293780 0, 51329, 0;1, 61061, 0;
1787417602.089786414 0, 51329, 0;1, 61061, 0;
1787417604.364178291 0, 51329, 0;1, 61061, 0;
1787417606.587541506 0, 51329, 0;1, 61061, 0;
1787417608.785024283 0, 51329, 0;1, 61061, 0;
1787417611.427221554 0, 51329, 0;1, 61061, 0;
1787417613.701976566 0, 51329, 0;1, 61061, 0;
1787417615.971563789 0, 51329, 0;1, 61061, 0;
1787417618.202808709 0, 51329, 0;1, 61061, 0;
1787417620.476565594 0, 51329, 0;1, 61061, 0;
1787417622.857818248 0, 51329, 0;1, 61061, 0;
1787417625.056411755 0, 51329, 0;1, 61061, 0;
1787417627.998216148 0, 51329, 0;1, 61061, 0;
1787417630.281697978 0, 51329, 0;1, 61061, 0;
1787417632.532628229 0, 51329, 0;1, 61061, 0;
1787417634.835042431 0, 51329, 0;1, 61061, 0;
1787417637.051971418 0, 51329, 0;1, 61061, 0;
1787417639.331095642 0, 51329, 0;1, 61061, 0;
1787417641.535005063 0, 51329, 0;1, 61061, 0;
1787417643.752175149 0, 51329, 0;1, 61061, 0;
1787417645.939143751 0, 51329, 0;1, 61061, 0;
1787417648.198544045 0, 51329, 0;1, 61061, 0;
1787417650.435414112 0, 51329, 0;1, 61061, 0;
1787417652.701984247 0, 51329, 0;1, 61061, 0;
1787417654.938239756 0, 51329, 0;1, 61061, 0;
1787417657.159612396 0, 51329, 0;1, 61061, 0;
1787417659.328555282 0, 51329, 0;1, 61061, 0;
1787417661.551747769 0, 51329, 0;1, 61061, 0;
1787417663.799400860 0, 51329, 0;1, 61061, 0;
1787417666.036394888 0, 51329, 0;1, 61061, 0;
1787417668.218471597 0, 51329, 0;1, 61061, 0;
1787417670.432402347 0, 51329, 0;1, 61061, 0;
1787417672.665743560 0, 51329, 0;1, 61061, 0;
1787417674.902743609 0, 51329, 0;1, 61061, 0;
1787417677.156483385 0, 51329, 0;1, 61061, 0;
1787417679.463838548 0, 51329, 0;1, 61061, 0;
1787417681.784569226 0, 51329, 0;1, 61061, 0;
1787417683.980036168 0, 51329, 0;1, 61061, 0;
1787417686.270346982 0, 51329, 0;1, 61061, 0;
1787417688.518267136 0, 51329, 0;1, 61061, 0;
1787417690.874628718 0, 51329, 0;1, 61061, 0;
1787417693.154506046 0, 51329, 0;1, 61061, 0;
1787417695.488199163 0, 51329, 0;1, 61061, 0;
1787417697.690747275 0, 51329, 0;1, 61061, 0;
1787417699.916704975 0, 51329, 0;1, 61061, 0;
1787417702.190858689 0, 51329, 0;1, 61061, 0;
1787417704.401462268 0, 51329, 0;1, 61061, 0;
1787417706.689866296 0, 51329, 0;1, 61061, 0;
1787417708.990181801 0, 51329, 0;1, 61061, 0;
1787417711.262301412 0, 51329, 0;1, 61061, 0;
1787417713.524271303 0, 51329, 0;1, 61061, 0;
1787417715.760493746 0, 51329, 0;1, 61061, 0;
1787417718.171875845 0, 51329, 0;1, 61061, 0;
1787417720.403455804 0, 51329, 0;1, 61061, 0;
1787417722.647804685 0, 51329, 0;1, 61061, 0;
1787417724.934397413 0, 51329, 0;1, 61061, 0;
1787417727.124005197 0, 51329, 0;1, 61061, 0;
1787417730.276610224 0, 51329, 0;1, 61061, 0;
1787417732.504801625 0, 51329, 0;1, 61061, 0;
1787417734.743902427 0, 51329, 0;1, 61061, 0;
1787417736.984974094 0, 51329, 0;1, 61061, 0;
1787417739.275019539 0, 51329, 0;1, 61061, 0;
1787417741.531885600 0, 51329, 0;1, 61061, 0;
1787417743.950926128 0, 51329, 0;1, 61061, 0;
1787417746.291214895 0, 51329, 0;1, 61061, 0;
1787417748.699674002 0, 51329, 0;1, 61061, 0;
1787417750.948603423 0, 51329, 0;1, 61061, 0;
1787417753.215299908 0, 51329, 0;1, 61061, 0;
1787417755.469673088 0, 51329, 0;1, 61061, 0;
1787417757.700150281 0, 51329, 0;1, 61061, 0;
1787417759.965671705 0, 51329, 0;1, 61061, 0;
1787417762.173117778 0, 51329, 0;1, 61061, 0;
1787417764.410068108 0, 51329, 0;1, 61061, 0;
1787417766.636883262 0, 51329, 0;1, 61061, 0;
1787417768.860337841 0, 51329, 0;1, 61061, 0;
1787417771.205959100 0, 51329, 0;1, 61061, 0;
1787417773.483516713 0, 51329, 0;1, 61061, 0;
1787417775.736457326 0, 51329, 0;1, 61061, 0;
1787417778.098941087 0, 51329, 0;1, 61061, 0;
1787417780.377943277 0, 51329, 0;1, 61061, 0;
1787417782.691767818 0, 51329, 0;1, 61061, 0;
1787417785.003783779 0, 51329, 0;1, 61061, 0;
1787417787.336539604 0, 51329, 0;1, 61061, 0;
1787417789.674306362 0, 51329, 0;1, 61061, 0;
1787417792.173244565 0, 51329, 0;1, 61061, 0;
1787417794.422737814 0, 51329, 0;1, 61061, 0;
1787417796.619585864 0, 51329, 0;1, 61061, 0;
1787417798.962209593 0, 51329, 0;1, 61061, 0;
1787417801.296416691 0, 51329, 0;1, 61061, 0;
1787417803.597706805 0, 51329, 0;1, 61061, 0;
1787417805.961839795 0, 51329, 0;1, 61061, 0;
1787417808.188898377 0, 51329, 0;1, 61061, 0;
1787417810.623176124 0, 51329, 0;1, 61061, 0;
1787417812.939057819 0, 51329, 0;1, 61061, 0;
1787417815.175234684 0, 51329, 0;1, 61061, 0;
1787417817.454181491 0, 51329, 0;1, 61061, 0;
1787417819.760669922 0, 51329, 0;1, 61061, 0;
1787417822.083602510 0, 51329, 0;1, 61061, 0;
1787417824.475507975 0, 51329, 0;1, 61061, 0;
1787417827.147971958 0, 51329, 0;1, 61061, 0;
1787417829.418643704 0, 51329, 0;1, 61061, 0;
1787417831.672502506 0, 51329, 0;1, 61061, 0;
1787417834.062887220 0, 51329, 0;1, 61061, 0;
1787417836.271144498 0, 51329, 0;1, 61061, 0;
1787417838.534012073 0, 51329, 0;1, 61061, 0;
1787417840.795671733 0, 51329, 0;1, 61061, 0;
1787417843.074588613 0, 51329, 0;1, 61061, 0;
1787417845.331074704 0, 51329, 0;1, 61061, 0;
1787417847.593830766 0, 51329, 0;1, 61061, 0;
1787417849.812726384 0, 51329, 0;1, 61061, 0;
1787417852.059107228 0, 51329, 0;1, 61061, 0;
1787417854.276709581 0, 51329, 0;1, 61061, 0;
1787417856.460237402 0, 51329, 0;1, 61061, 0;
1787417858.670980976 0, 51329, 0;1, 61061, 0;
1787417861.033415449 0, 51329, 0;1, 61061, 0;
1787417863.262867955 0, 51329, 0;1, 61061, 0;
1787417865.423465179 0, 51329, 0;1, 61061, 0;
1787417867.582900077 0, 51329, 0;1, 61061, 0;
1787417869.783945239 0, 51329, 0;1, 61061, 0;
1787417871.975716495 0, 51329, 0;1, 61061, 0;
1787417874.160241867 0, 51329, 0;1, 61061, 0;
1787417876.332354532 0, 51329, 0;1, 61061, 0;
1787417878.524684147 0, 51329, 0;1, 61061, 0;
1787417880.713956803 0, 51329, 0;1, 61061, 0;
1787417882.857686185 0, 51329, 0;1, 61061, 0;
1787417885.033340099 0, 51329, 0;1, 61061, 0;
1787417887.226573436 0, 51329, 0;1, 61061, 0;
1787417889.399674118 0, 51329, 0;1, 61061, 0;
1787417891.586639549 0, 51329, 0;1, 61061, 0;
1787417893.759702794 0, 51329, 0;1, 61061, 0;
1787417896.063710419 0, 51329, 0;1, 61061, 0;
1787417898.238944281 0, 51329, 0;1, 61061, 0;
1787417900.399507382 0, 51329, 0;1, 61061, 0;
1787417902.606470949 0, 51329, 0;1, 61061, 0;
1787417904.758353398 0, 51329, 0;1, 61061, 0;
1787417906.929431831 0, 51329, 0;1, 61061, 0;
1787417909.103693975 0, 51329, 0;1, 61061, 0;
1787417911.261047564 0, 51329, 0;1, 61061, 0;
1787417913.454126771 0, 51329, 0;1, 61061, 0;
1787417915.613659477 0, 51329, 0;1, 61061, 0;
1787417917.789744669 0, 51329, 0;1, 61061, 0;
1787417919.959420333 0, 51329, 0;1, 61061, 0;
1787417922.130822719 0, 51329, 0;1, 61061, 0;
1787417924.315589441 0, 51329, 0;1, 61061, 0;
1787417926.487065861 0, 51329, 0;1, 61061, 0;
1787417928.817492619 0, 51329, 0;1, 61061, 0;
1787417931.026132538 0, 51329, 0;1, 61061, 0;
1787417933.178039268 0, 51329, 0;1, 61061, 0;
1787417935.344429042 0, 51329, 0;1, 61061, 0;
1787417937.514885293 0, 51329, 0;1, 61061, 0;
1787417939.703958474 0, 51329, 0;1, 61061, 0;
1787417941.858042775 0, 51329, 0;1, 61061, 0;
1787417944.051168245 0, 51329, 0;1, 61061, 0;
1787417946.221865944 0, 51329, 0;1, 61061, 0;
1787417948.397263834 0, 51329, 0;1, 61061, 0;
1787417950.544536327 0, 51329, 0;1, 61061, 0;
1787417952.714416166 0, 51329, 0;1, 61061, 0;
1787417954.889847951 0, 51329, 0;1, 61061, 0;
1787417957.039702526 0, 51329, 0;1, 61061, 0;
1787417959.216190870 0, 51329, 0;1, 61061, 0;
1787417961.393592953 0, 51329, 0;1, 61061, 0;
1787417963.590524730 0, 51329, 0;1, 61061, 0;
1787417965.788939418 0, 51329, 0;1, 61061, 0;
1787417967.966312715 0, 51329, 0;1, 61061, 0;
1787417970.145939417 0, 51329, 0;1, 61061, 0;
1787417972.309704480 0, 51329, 0;1, 61061, 0;
1787417974.458942072 0, 51329, 0;1, 61061, 0;
1787417976.682853330 0, 51329, 0;1, 61061, 0;
1787417978.974173097 0, 51329, 0;1, 61061, 0;
1787417981.365377990 0, 51329, 0;1, 61061, 0;
1787417983.747916340 0, 51329, 0;1, 61061, 0;
1787417986.064514072 0, 51329, 0;1, 61061, 0;
1787417988.531417772 0, 51329, 0;1, 61061, 0;
1787417990.725146877 0, 51329, 0;1, 61061, 0;
1787417993.083997353 0, 51329, 0;1, 61061, 0;
1787417995.302398968 0, 51329, 0;1, 61061, 0;
1787417997.608235580 0, 51329, 0;1, 61061, 0;
1787417999.903534977 0, 51329, 0;1, 61061, 0;
1787418002.159253754 0, 51329, 0;1, 61061, 0;
1787418004.452170509 0, 51329, 0;1, 61061, 0;
1787418006.700643103 0, 51329, 0;1, 61061, 0;
1787418009.003253882 0, 51329, 0;1, 61061, 0;
1787418011.288553243 0, 51329, 0;1, 61061, 0;
1787418013.557097978 0, 51329, 0;1, 61061, 0;
1787418015.858979028 0, 51329, 0;1, 61061, 0;
1787418018.113152065 0, 51329, 0;1, 61061, 0;
1787418020.438774188 0, 51329, 0;1, 61061, 0;
1787418022.661336957 0, 51329, 0;1, 61061, 0;
1787418024.885197086 0, 51329, 0;1, 61061, 0;
1787418027.102899117 0, 51329, 0;1, 61061, 0;
1787418029.359210605 0, 51329, 0;1, 61061, 0;
1787418031.610933825 0, 51329, 0;1, 61061, 0;
1787418033.860031220 0, 51329, 0;1, 61061, 0;
1787418036.102946426 0, 51329, 0;1, 61061, 0;
1787418038.322605467 0, 51329, 0;1, 61061, 0;
1787418040.670633256 0, 51329, 0;1, 61061, 0;
1787418042.943347797 0, 51329, 0;1, 61061, 0;
1787418045.250267547 0, 51329, 0;1, 61061, 0;
1787418047.536408346 0, 51329, 0;1, 61061, 0;
1787418049.853578554 0, 51329, 0;1, 61061, 0;
1787418052.167969075 0, 51329, 0;1, 61061, 0;
1787418054.534372660 0, 51329, 0;1, 61061, 0;
1787418056.964380871 0, 51329, 0;1, 61061, 0;
1787418059.339895147 0, 51329, 0;1, 61061, 0;
1787418061.572823005 0, 51329, 0;1, 61061, 0;
1787418063.805242132 0, 51329, 0;1, 61061, 0;
1787418066.108615172 0, 51329, 0;1, 61061, 0;
1787418068.403014936 0, 51329, 0;1, 61061, 0;
1787418070.601309359 0, 51329, 0;1, 61061, 0;
1787418072.907892743 0, 51329, 0;1, 61061, 0;
1787418075.174082942 0, 51329, 0;1, 61061, 0;
1787418077.497390055 0, 51329, 0;1, 61061, 0;
1787418079.857242454 0, 51329, 0;1, 61061, 0;
1787418082.148172174 0, 51329, 0;1, 61061, 0;
1787418084.432966406 0, 51329, 0;1, 61061, 0;
1787418086.746185981 0, 51329, 0;1, 61061, 0;
1787418089.013373833 0, 51329, 0;1, 61061, 0;
1787418091.279049777 0, 51329, 0;1, 61061, 0;
1787418093.594886103 0, 51329, 0;1, 61061, 0;
1787418095.959884993 0, 51329, 0;1, 61061, 0;
1787418098.251624517 0, 51329, 0;1, 61061, 0;
1787418100.574986834 0, 51329, 0;1, 61061, 0;
1787418102.872563948 0, 51329, 0;1, 61061, 0;
1787418105.198034862 0, 51329, 0;1, 61061, 0;
1787418107.582241792 0, 51329, 0;1, 61061, 0;
1787418109.947301620 0, 51329, 0;1, 61061, 0;
1787418112.272326385 0, 51329, 0;1, 61061, 0;
1787418114.559296557 0, 51329, 0;1, 61061, 0;
1787418116.842997830 0, 51329, 0;1, 61061, 0;
1787418119.166547939 0, 51329, 0;1, 61061, 0;
1787418121.464780637 0, 51329, 0;1, 61061, 0;
1787418123.754894805 0, 51329, 0;1, 61061, 0;
1787418126.054365193 0, 51329, 0;1, 61061, 0;
1787418128.434627430 0, 51329, 0;1, 61061, 0;
1787418130.725976489 0, 51329, 0;1, 61061, 0;
1787418133.006128928 0, 51329, 0;1, 61061, 0;
1787418135.347930421 0, 51329, 0;1, 61061, 0;
1787418137.571200749 0, 51329, 0;1, 61061, 0;
1787418139.814934909 0, 51329, 0;1, 61061, 0;
1787418142.066646990 0, 51329, 0;1, 61061, 0;
1787418144.325162156 0, 51329, 0;1, 61061, 0;
1787418146.678774072 0, 51329, 0;1, 61061, 0;
1787418149.050420484 0, 51329, 0;1, 61061, 0;
1787418151.324479153 0, 51329, 0;1, 61061, 0;
1787418153.662493782 0, 51329, 0;1, 61061, 0;
1787418155.903911065 0, 51329, 0;1, 61061, 0;
1787418158.211301870 0, 51329, 0;1, 61061, 0;
1787418161.045232755 0, 51329, 0;1, 61061, 0;
1787418163.257513585 0, 51329, 0;1, 61061, 0;
1787418165.456237039 0, 51329, 0;1, 61061, 0;
1787418167.737839654 0, 51329, 0;1, 61061, 0;
1787418169.962939699 0, 51329, 0;1, 61061, 0;
1787418172.243179698 0, 51329, 0;1, 61061, 0;
1787418174.541703705 0, 51329, 0;1, 61061, 0;
1787418176.838304660 0, 51329, 0;1, 61061, 0;
1787418179.108154886 0, 51329, 0;1, 61061, 0;
1787418181.355788401 0, 51329, 0;1, 61061, 0;
1787418183.659882617 0, 51329, 0;1, 61061, 0;
1787418185.895574798 0, 51329, 0;1, 61061, 0;
1787418188.087566819 0, 51329, 0;1, 61061, 0;
1787418190.424173877 0, 51329, 0;1, 61061, 0;
1787418192.654006122 0, 51329, 0;1, 61061, 0;
1787418195.024516990 0, 51329, 0;1, 61061, 0;
1787418197.339191001 0, 51329, 0;1, 61061, 0;
1787418199.638321304 0, 51329, 0;1, 61061, 0;
1787418201.949803346 0, 51329, 0;1, 61061, 0;
1787418204.226927699 0, 51329, 0;1, 61061, 0;
1787418206.434196007 0, 51329, 0;1, 61061, 0;
1787418208.803602694 0, 51329, 0;1, 61061, 0;
1787418211.014186194 0, 51329, 0;1, 61061, 0;
1787418213.352264412 0, 51329, 0;1, 61061, 0;
1787418215.686297896 0, 51329, 0;1, 61061, 0;
1787418217.940988281 0, 51329, 0;1, 61061, 0;
1787418220.267246977 0, 51329, 0;1, 61061, 0;
1787418222.494818881 0, 51329, 0;1, 61061, 0;
1787418224.795486195 0, 51329, 0;1, 61061, 0;
1787418227.090423123 0, 51329, 0;1, 61061, 0;
1787418229.508349850 0, 51329, 0;1, 61061, 0;
1787418231.776531128 0, 51329, 0;1, 61061, 0;
1787418234.090675572 0, 51329, 0;1, 61061, 0;
1787418236.344911393 0, 51329, 0;1, 61061, 0;
1787418238.568149846 0, 51329, 0;1, 61061, 0;
1787418240.954854038 0, 51329, 0;1, 61061, 0;
1787418243.290342292 0, 51329, 0;1, 61061, 0;
1787418245.595761255 0, 51329, 0;1, 61061, 0;
1787418247.872564416 0, 51329, 0;1, 61061, 0;
1787418250.113090744 0, 51329, 0;1, 61061, 0;
1787418252.418539960 0, 51329, 0;1, 61061, 0;
1787418254.653983168 0, 51329, 0;1, 61061, 0;
1787418256.881271444 0, 51329, 0;1, 61061, 0;
1787418259.186242719 0, 51329, 0;1, 61061, 0;
1787418261.411895157 0, 51329, 0;1, 61061, 0;
1787418263.762735419 0, 51329, 0;1, 61061, 0;
1787418266.026652354 0, 51329, 0;1, 61061, 0;
1787418268.335022525 0, 51329, 0;1, 61061, 0;
1787418270.604111205 0, 51329, 0;1, 61061, 0;
1787418272.880263701 0, 51329, 0;1, 61061, 0;
1787418275.075372058 0, 51329, 0;1, 61061, 0;
1787418277.315634385 0, 51329, 0;1, 61061, 0;
1787418279.551652027 0, 51329, 0;1, 61061, 0;
1787418281.818570547 0, 51329, 0;1, 61061, 0;
1787418284.055173093 0, 51329, 0;1, 61061, 0;
1787418286.272123915 0, 51329, 0;1, 61061, 0;
1787418288.530664384 0, 51329, 0;1, 61061, 0;
1787418290.839983500 0, 51329, 0;1, 61061, 0;
1787418293.092472322 0, 51329, 0;1, 61061, 0;
1787418295.354902948 0, 51329, 0;1, 61061, 0;
1787418297.597119826 0, 51329, 0;1, 61061, 0;
1787418299.903452576 0, 51329, 0;1, 61061, 0;
1787418302.133689929 0, 51329, 0;1, 61061, 0;
1787418304.399380220 0, 51329, 0;1, 61061, 0;
1787418307.014725377 0, 50232, 5;1, 60120, 0;
