1787413832.132542372 0, 35388, 0;1, 35402, 0;
1787413834.382439779 0, 35822, 36;1, 35916, 91;
1787413836.593594424 0, 35890, 29;1, 36418, 50;
1787413838.825802201 0, 36100, 0;1, 37088, 92;
1787413841.003398079 0, 36100, 90;1, 37618, 63;
1787413843.229475483 0, 36228, 6;1, 37890, 52;
1787413845.470394391 0, 36228, 36;1, 38378, 28;
1787413847.689392194 0, 36484, 36;1, 38676, 49;
1787413849.868735438 0, 36484, 30;1, 39272, 75;
1787413852.071139760 0, 36484, 12;1, 40266, 89;
1787413854.322984713 0, 36950, 84;1, 40378, 79;
1787413856.691892246 0, 36950, 31;1, 41370, 88;
1787413858.949452293 0, 36950, 92;1, 42364, 100;
1787413861.169325427 0, 36950, 92;1, 42364, 99;
1787413863.429627515 0, 36950, 92;1, 43254, 99;
1787413865.803105985 0, 44682, 92;1, 43962, 33;
1787413868.076330850 0, 44682, 6;1, 41897, 8;
1787413870.751277114 0, 45346, 99;1, 44683, 33;
1787413873.096835684 0, 46160, 100;1, 45385, 98;
1787413875.439308076 0, 46496, 83;1, 45385, 51;
1787413877.886694037 0, 46774, 60;1, 45385, 96;
1787413880.098758450 0, 47194, 63;1, 45385, 89;
1787413882.356206993 0, 47912, 91;1, 45385, 53;
1787413884.598074017 0, 48424, 37;1, 45385, 99;
1787413886.795123287 0, 49000, 99;1, 42809, 0;
1787413889.126253851 0, 49388, 19;1, 42809, 0;
1787413892.270008951 0, 49444, 64;1, 42809, 0;
1787413894.445948213 0, 49878, 62;1, 42809, 0;
1787413896.620719342 0, 49898, 69;1, 46393, 0;
1787413898.841350895 0, 48509, 43;1, 46535, 5;
1787413902.159135832 0, 48911, 41;1, 47167, 79;
1787413904.371576715 0, 48911, 20;1, 47667, 2;
1787413907.113291655 0, 48911, 88;1, 48259, 50;
1787413909.370730831 0, 48911, 97;1, 48259, 56;
1787413911.598834858 0, 48799, 96;1, 47811, 40;
1787413913.834462987 0, 48799, 22;1, 47897, 6;
1787413916.074125701 0, 48799, 49;1, 47769, 22;
1787413918.319748885 0, 45471, 0;1, 47705, 8;
1787413920.574095010 0, 45471, 0;1, 47641, 18;
1787413922.819851808 0, 45471, 0;1, 47641, 69;
1787413925.052136423 0, 45471, 0;1, 47641, 27;
1787413927.376230378 0, 45471, 0;1, 55327, 48;
1787413929.628269451 0, 42637, 0;1, 54165, 89;
1787413931.884224739 0, 42637, 0;1, 54957, 49;
1787413934.220866025 0, 42637, 0;1, 55389, 80;
1787413936.565997409 0, 42637, 0;1, 55677, 100;
1787413938.767080294 0, 42637, 0;1, 56203, 54;
1787413940.985028889 0, 42637, 0;1, 57249, 22;
1787413943.367142853 0, 42637, 0;1, 57249, 30;
1787413945.591314206 0, 42637, 0;1, 57249, 26;
1787413947.809369302 0, 42637, 0;1, 57249, 79;
1787413950.007117535 0, 42637, 0;1, 57249, 42;
1787413952.299501467 0, 57261, 13;1, 57787, 99;
1787413954.838318178 0, 59103, 14;1, 57249, 16;
1787413957.082538481 0, 59103, 50;1, 63713, 97;
1787413959.276613173 0, 59103, 0;1, 63189, 6;
1787413961.615868554 0, 59103, 0;1, 63125, 0;
1787413963.935864879 0, 59103, 0;1, 63125, 0;
1787413966.197240224 0, 59103, 0;1, 63125, 0;
1787413968.492273800 0, 59103, 0;1, 63125, 0;
1787413970.805924609 0, 59103, 0;1, 63125, 0;
1787413973.173917051 0, 59103, 0;1, 63125, 0;
1787413975.462409749 0, 59103, 0;1, 63125, 0;
1787413977.766251086 0, 59103, 0;1, 63125, 0;
1787413980.101034045 0, 59103, 0;1, 63125, 0;
1787413982.400566273 0, 59103, 0;1, 63125, 0;
1787413984.673470944 0, 59103, 0;1, 63125, 0;
1787413986.995533250 0, 59103, 0;1, 63125, 0;
1787413989.291878975 0, 59103, 0;1, 63125, 0;
1787413991.553654784 0, 59103, 0;1, 63125, 0;
1787413993.943235152 0, 59103, 0;1, 63125, 0;
1787413996.196110630 0, 59103, 0;1, 63125, 0;
1787413998.583321664 0, 59103, 0;1, 63125, 0;
1787414000.818814768 0, 59103, 0;1, 63125, 0;
1787414003.040653401 0, 59103, 0;1, 63125, 0;
1787414005.309907385 0, 59103, 0;1, 63125, 0;
1787414007.562290324 0, 59103, 0;1, 63125, 0;
1787414009.941406641 0, 59103, 0;1, 63125, 0;
1787414012.188037161 0, 59103, 0;1, 63125, 0;
1787414014.491540532 0, 59103, 0;1, 63125, 0;
1787414016.720668619 0, 59103, 0;1, 63125, 0;
1787414018.984304434 0, 59103, 0;1, 63125, 0;
1787414021.292298778 0, 59103, 0;1, 63125, 0;
1787414023.583994580 0, 59103, 0;1, 63125, 0;
1787414025.847918907 0, 59103, 0;1, 63125, 0;
1787414028.165586852 0, 59103, 0;1, 63125, 0;
1787414030.434404809 0, 59103, 0;1, 63125, 0;
1787414032.770899004 0, 59103, 0;1, 63125, 0;
1787414035.015978912 0, 59103, 0;1, 63125, 0;
1787414037.227913117 0, 59103, 0;1, 63125, 0;
1787414039.504950801 0, 59103, 0;1, 63125, 0;
1787414041.771482547 0, 59103, 0;1, 63125, 0;
1787414044.028172447 0, 59103, 0;1, 63125, 0;
1787414046.335354741 0, 59103, 0;1, 63125, 0;
1787414048.570741122 0, 59103, 0;1, 63125, 0;
1787414050.863511955 0, 59103, 0;1, 63125, 0;
1787414053.074976346 0, 59103, 0;1, 63125, 0;
1787414055.336157615 0, 59103, 0;1, 63125, 0;
1787414057.573416148 0, 59103, 0;1, 63125, 0;
1787414059.907726681 0, 59103, 0;1, 63125, 0;
1787414062.139520438 0, 59103, 0;1, 63125, 0;
1787414064.372014918 0, 59103, 0;1, 63125, 0;
1787414066.595715971 0, 59103, 0;1, 63125, 0;
1787414068.857829859 0, 59103, 0;1, 63125, 0;
1787414071.271421212 0, 59103, 0;1, 63125, 0;
1787414073.607840713 0, 59103, 0;1, 63125, 0;
1787414075.887465420 0, 59103, 0;1, 63125, 0;
1787414078.110690555 0, 59103, 0;1, 63125, 0;
1787414080.338906345 0, 59103, 0;1, 63125, 0;
1787414082.676553633 0, 59103, 0;1, 63125, 0;
1787414084.982462259 0, 59103, 0;1, 63125, 0;
1787414087.255427384 0, 59103, 0;1, 63125, 0;
1787414089.505504290 0, 59103, 0;1, 63125, 0;
1787414091.787010051 0, 59103, 0;1, 63125, 0;
1787414094.207573245 0, 59103, 0;1, 63125, 0;
1787414096.487943732 0, 59103, 0;1, 63125, 0;
1787414098.971982309 0, 59103, 0;1, 63125, 0;
1787414101.216089018 0, 59103, 0;1, 63125, 0;
1787414103.419654313 0, 59103, 0;1, 63125, 0;
1787414105.659262135 0, 59103, 0;1, 63125, 0;
1787414107.869980515 0, 59103, 0;1, 63125, 0;
1787414110.305148524 0, 59103, 0;1, 63125, 0;
1787414112.523271493 0, 59103, 0;1, 63125, 0;
1787414114.767013465 0, 59103, 0;1, 63125, 0;
1787414116.998446685 0, 59103, 0;1, 63125, 0;
1787414119.255819759 0, 59103, 0;1, 63125, 0;
1787414121.507861983 0, 59103, 0;1, 63125, 0;
1787414123.757720659 0, 59103, 0;1, 63125, 0;
1787414126.007580142 0, 59103, 0;1, 63125, 0;
1787414128.270230155 0, 59103, 0;1, 63125, 0;
1787414130.558610651 0, 59103, 0;1, 63125, 0;
1787414132.974978148 0, 59103, 0;1, 63125, 0;
1787414135.168736937 0, 59103, 0;1, 63125, 0;
1787414137.424147227 0, 59103, 0;1, 63125, 0;
1787414139.639416086 0, 59103, 0;1, 63125, 0;
1787414141.912812772 0, 59103, 0;1, 63125, 0;
1787414144.202042609 0, 59103, 0;1, 63125, 0;
1787414146.487070084 0, 59103, 0;1, 63125, 0;
1787414148.808801170 0, 59103, 0;1, 63125, 0;
1787414151.316956877 0, 57591, 0;1, 61745, 7;
1787414155.025257183 0, 55832, 0;1, 59764, 0;
1787414158.455591511 0, 55832, 0;1, 42637, 33;
1787414161.204624321 0, 4, 87;1, 4, 100;
1787414163.281107596 0, 0, 0;1, 0, 0;
1787414165.339541430 0, 0, 0;1, 0, 0;
1787414167.401267116 0, 0, 0;1, 0, 0;
1787414169.478930644 0, 0, 0;1, 0, 0;
1787414171.518273804 0, 0, 0;1, 0, 0;
1787414173.579090598 0, 0, 0;1, 0, 0;
1787414175.639727328 0, 0, 0;1, 0, 0;
1787414177.700280666 0, 0, 0;1, 0, 0;
1787414179.779805907 0, 0, 0;1, 0, 0;
1787414181.840115420 0, 0, 0;1, 0, 0;
1787414183.918742452 0, 0, 0;1, 0, 0;
1787414186.003774558 0, 0, 0;1, 0, 0;
1787414188.063541800 0, 0, 0;1, 0, 0;
1787414190.124160647 0, 0, 0;1, 0, 0;
1787414192.184056197 0, 0, 0;1, 0, 0;
1787414194.263436895 0, 0, 0;1, 0, 0;
1787414196.323951986 0, 0, 0;1, 0, 0;
1787414198.388437123 0, 0, 0;1, 0, 0;
1787414200.446837415 0, 0, 0;1, 0, 0;
1787414202.528411141 0, 0, 0;1, 0, 0;
1787414204.589593629 0, 0, 0;1, 0, 0;
1787414206.665665193 0, 0, 0;1, 0, 0;
1787414208.722771358 0, 0, 0;1, 0, 0;
1787414210.798396405 0, 0, 0;1, 0, 0;
1787414212.857996984 0, 0, 0;1, 0, 0;
1787414214.915636608 0, 0, 0;1, 0, 0;
1787414216.995445630 0, 0, 0;1, 0, 0;
1787414219.078984876 0, 0, 0;1, 0, 0;
1787414221.138219846 0, 0, 0;1, 0, 0;
1787414223.195931703 0, 0, 0;1, 0, 0;
1787414225.281058836 0, 0, 0;1, 0, 0;
1787414227.339134762 0, 0, 0;1, 0, 0;
1787414229.417204801 0, 0, 0;1, 0, 0;
1787414231.519848143 0, 0, 0;1, 0, 0;
1787414233.578706781 0, 0, 0;1, 0, 0;
1787414235.647271956 0, 0, 0;1, 0, 0;
1787414237.705208713 0, 0, 0;1, 0, 0;
1787414239.763155458 0, 0, 0;1, 0, 0;
1787414241.859148595 0, 0, 0;1, 0, 0;
1787414243.916446773 0, 0, 0;1, 0, 0;
1787414245.975281530 0, 0, 0;1, 0, 0;
1787414248.034866041 0, 0, 0;1, 0, 0;
1787414250.093127110 0, 0, 0;1, 0, 0;
1787414252.151922692 0, 0, 0;1, 0, 0;
1787414254.211773570 0, 0, 0;1, 0, 0;
