1787501990.629635054 0, 35722, 1;1, 35738, 2;
1787501993.051682332 0, 35822, 11;1, 35936, 54;
1787501995.287645745 0, 35866, 0;1, 36664, 15;
1787501997.811219907 0, 36102, 30;1, 37376, 49;
1787502000.739127499 0, 36102, 0;1, 37712, 17;
1787502003.777100996 0, 36230, 0;1, 38238, 0;
1787502006.635374263 0, 36486, 0;1, 38624, 0;
1787502009.451136041 0, 36614, 0;1, 38904, 16;
1787502012.272098324 0, 37136, 0;1, 39596, 6;
1787502015.132536131 0, 37358, 0;1, 40282, 0;
1787502017.914576829 0, 37592, 0;1, 41186, 43;
1787502020.714800203 0, 37592, 0;1, 41846, 9;
1787502023.575951120 0, 37592, 0;1, 42614, 0;
1787502026.424325575 0, 37592, 0;1, 43668, 10;
1787502029.235725294 0, 37592, 6;1, 43668, 8;
1787502032.101757070 0, 37674, 12;1, 43694, 19;
1787502034.935755622 0, 38072, 0;1, 44788, 0;
1787502037.767873309 0, 38490, 0;1, 46158, 0;
1787502040.591486836 0, 38600, 8;1, 46312, 12;
1787502043.487130211 0, 39064, 1;1, 47354, 4;
1787502046.304886614 0, 39644, 4;1, 47354, 3;
1787502049.154628908 0, 39644, 15;1, 47352, 46;
1787502052.054877101 0, 40146, 23;1, 55706, 40;
1787502055.078142998 0, 40274, 67;1, 55706, 67;
1787502057.380148324 0, 38378, 0;1, 55706, 0;
1787502060.296004282 0, 38425, 0;1, 55706, 0;
1787502062.736070985 0, 39459, 0;1, 55976, 0;
1787502065.755075016 0, 40171, 0;1, 56110, 4;
1787502068.700017041 0, 41047, 0;1, 55540, 7;
1787502071.661835242 0, 41647, 87;1, 54282, 17;
1787502074.687788807 0, 42595, 94;1, 54626, 90;
1787502076.892384110 0, 43251, 0;1, 54914, 0;
1787502079.399366160 0, 44023, 0;1, 55244, 14;
1787502082.299630419 0, 44501, 0;1, 55492, 0;
1787502085.314031209 0, 45397, 99;1, 55192, 99;
1787502087.540157547 0, 46015, 32;1, 54284, 26;
1787502090.256409955 0, 47037, 19;1, 54284, 7;
1787502092.999943471 0, 47167, 4;1, 54284, 0;
1787502095.843406819 0, 47255, 33;1, 54284, 29;
1787502098.752672953 0, 47727, 58;1, 54284, 35;
1787502101.835810712 0, 48563, 0;1, 54284, 0;
1787502104.907454849 0, 49661, 2;1, 54284, 44;
1787502107.841518981 0, 50665, 12;1, 54284, 0;
1787502110.743426047 0, 51557, 9;1, 69784, 0;
1787502113.771109886 0, 52417, 56;1, 69800, 0;
1787502116.887563208 0, 53885, 92;1, 71586, 97;
1787502119.149010170 0, 54491, 2;1, 72358, 8;
1787502122.020608153 0, 55595, 0;1, 73262, 0;
1787502124.986605048 0, 56913, 0;1, 73852, 16;
1787502127.991016728 0, 66361, 2;1, 71204, 0;
1787502130.969204936 0, 66865, 2;1, 69579, 11;
1787502134.509214866 0, 67361, 56;1, 70193, 36;
1787502136.861335521 0, 67397, 2;1, 70455, 5;
1787502140.004274086 0, 68043, 0;1, 70837, 0;
1787502142.301354467 0, 69287, 31;1, 71815, 22;
1787502145.273631888 0, 70463, 56;1, 72621, 0;
1787502148.360935854 0, 70463, 11;1, 73719, 14;
1787502150.943594592 0, 70591, 15;1, 74627, 20;
1787502153.354887731 0, 72361, 2;1, 75811, 0;
1787502156.292518776 0, 73367, 0;1, 71963, 0;
1787502159.248117945 0, 74519, 0;1, 69475, 1;
1787502162.224243974 0, 75199, 2;1, 70757, 7;
1787502165.211190038 0, 75959, 41;1, 71335, 9;
1787502168.257029658 0, 75959, 98;1, 76281, 100;
1787502170.499555682 0, 75961, 0;1, 76043, 3;
1787502173.041323329 0, 75961, 46;1, 75813, 50;
1787502176.095029850 0, 75961, 56;1, 76035, 60;
1787502178.682883884 0, 75961, 25;1, 76035, 2;
1787502180.943400200 0, 75961, 2;1, 76035, 24;
1787502184.107515303 0, 75961, 0;1, 76115, 0;
1787502186.954845950 0, 75961, 33;1, 75759, 36;
1787502190.075477190 0, 75961, 13;1, 74919, 24;
1787502193.208494403 0, 75961, 99;1, 74699, 100;
1787502195.471767644 0, 75961, 0;1, 74721, 0;
1787502198.159473072 0, 76179, 0;1, 72657, 9;
1787502201.247706723 0, 76311, 59;1, 71451, 20;
1787502204.328198638 0, 76435, 22;1, 71787, 44;
1787502207.508264151 0, 76435, 35;1, 71899, 47;
1787502209.881590290 0, 76435, 0;1, 71899, 14;
1787502213.248042041 0, 76435, 63;1, 71899, 38;
1787502215.678249681 0, 76435, 96;1, 72085, 99;
1787502217.920711851 0, 76435, 50;1, 71189, 0;
1787502220.571109564 0, 76435, 90;1, 71535, 49;
1787502223.715525305 0, 76435, 97;1, 69967, 99;
1787502225.950617861 0, 76481, 0;1, 70191, 0;
1787502228.643381185 0, 76507, 0;1, 70697, 3;
1787502231.736114934 0, 76507, 73;1, 71213, 100;
1787502233.975669210 0, 76507, 0;1, 71591, 0;
1787502236.632268570 0, 76507, 0;1, 72171, 0;
1787502239.869822939 0, 76507, 2;1, 72483, 0;
1787502242.944352149 0, 76507, 19;1, 72779, 47;
1787502246.045412961 0, 76507, 0;1, 73061, 44;
1787502248.805528603 0, 76507, 40;1, 73413, 62;
1787502251.495855552 0, 76543, 0;1, 73499, 0;
1787502253.983533059 0, 76543, 100;1, 74117, 15;
1787502256.951494216 0, 76543, 65;1, 74645, 100;
1787502259.256659629 0, 76583, 1;1, 75093, 0;
1787502261.886495447 0, 76583, 27;1, 75653, 2;
1787502265.097162960 0, 76663, 100;1, 76549, 100;
1787502267.344082668 0, 76807, 0;1, 76773, 0;
1787502270.043802676 0, 76957, 98;1, 76773, 100;
1787502272.477712295 0, 76957, 30;1, 76773, 19;
1787502274.931546902 0, 76957, 0;1, 76885, 0;
1787502278.041304122 0, 76957, 31;1, 76885, 39;
1787502281.100723554 0, 76957, 99;1, 76885, 99;
1787502283.344057803 0, 76957, 0;1, 76885, 10;
1787502286.242954613 0, 76717, 44;1, 76521, 40;
1787502288.614949960 0, 75055, 0;1, 76143, 0;
1787502291.784402009 0, 74799, 0;1, 75989, 0;
1787502294.865703538 0, 74799, 64;1, 76339, 23;
1787502297.455073485 0, 74799, 97;1, 76885, 8;
1787502299.741978181 0, 74799, 44;1, 76773, 0;
1787502302.971740693 0, 74799, 99;1, 76885, 99;
1787502305.230080611 0, 74799, 0;1, 76997, 7;
1787502307.814567792 0, 74799, 70;1, 76527, 0;
1787502310.941557671 0, 74799, 57;1, 76567, 33;
1787502314.089331972 0, 74799, 99;1, 76773, 99;
1787502316.325324883 0, 74799, 44;1, 76883, 0;
1787502318.967794171 0, 74771, 29;1, 76885, 21;
1787502322.049227982 0, 74175, 0;1, 76885, 0;
1787502324.933910402 0, 73791, 0;1, 76885, 0;
1787502327.837573103 0, 73483, 0;1, 76885, 0;
1787502330.761745485 0, 72511, 85;1, 76885, 27;
1787502333.666341460 0, 72383, 39;1, 76773, 55;
1787502336.764641793 0, 72383, 17;1, 76773, 73;
1787502339.873474667 0, 71231, 99;1, 76773, 99;
1787502342.091273736 0, 70975, 0;1, 76773, 12;
1787502344.651883113 0, 67993, 7;1, 76773, 18;
1787502347.624196042 0, 67063, 26;1, 76773, 26;
1787502350.617643446 0, 65947, 5;1, 76773, 0;
1787502353.502236058 0, 65583, 15;1, 76773, 5;
1787502356.515250136 0, 64851, 7;1, 76553, 9;
1787502359.704797711 0, 64275, 99;1, 76661, 99;
1787502361.969531341 0, 63803, 7;1, 76661, 24;
1787502365.378974753 0, 62995, 80;1, 76661, 47;
1787502367.763629939 0, 62867, 23;1, 76661, 31;
1787502371.182181863 0, 62483, 40;1, 76773, 76;
1787502373.636315447 0, 62483, 60;1, 76773, 38;
1787502376.268081757 0, 62483, 33;1, 76773, 9;
1787502379.021796538 0, 62483, 14;1, 76773, 0;
1787502381.929825554 0, 62483, 2;1, 76773, 3;
1787502384.837335516 0, 62483, 8;1, 76773, 0;
1787502387.794713590 0, 62099, 0;1, 76773, 0;
1787502390.768449618 0, 62099, 2;1, 76773, 21;
1787502393.711018899 0, 62099, 0;1, 76773, 5;
1787502396.685698461 0, 62099, 0;1, 76773, 0;
1787502399.648517601 0, 62099, 0;1, 76773, 0;
1787502402.551261725 0, 62099, 3;1, 76773, 95;
1787502405.574427989 0, 62611, 0;1, 76773, 0;
1787502408.533831043 0, 62903, 0;1, 76885, 3;
1787502411.582249750 0, 63251, 100;1, 76997, 57;
1787502414.674463069 0, 63315, 100;1, 76997, 100;
1787502416.943154984 0, 63315, 30;1, 76997, 30;
1787502419.507910072 0, 63443, 0;1, 76997, 0;
1787502422.543566208 0, 64019, 75;1, 76997, 93;
1787502424.775435247 0, 64461, 22;1, 76555, 31;
1787502427.410922952 0, 65089, 0;1, 73371, 0;
1787502430.414361474 0, 65607, 0;1, 70219, 28;
1787502433.448729048 0, 66067, 85;1, 70267, 3;
1787502436.444467686 0, 66579, 0;1, 70041, 21;
1787502439.646617016 0, 66919, 26;1, 70265, 28;
1787502442.661992138 0, 67091, 0;1, 70377, 4;
1787502445.621335342 0, 67219, 77;1, 70489, 72;
1787502447.966362248 0, 67475, 0;1, 70577, 33;
1787502450.675862408 0, 68063, 0;1, 70825, 0;
1787502453.460425704 0, 68367, 2;1, 70937, 0;
1787502456.337430408 0, 68811, 0;1, 71273, 15;
1787502459.174785518 0, 69007, 0;1, 71497, 0;
1787502461.978403184 0, 69201, 2;1, 71941, 0;
1787502464.874435077 0, 69263, 4;1, 71941, 1;
1787502467.690874471 0, 69775, 0;1, 72131, 0;
1787502470.601098241 0, 70159, 13;1, 72311, 30;
1787502473.500286264 0, 70287, 31;1, 72613, 0;
1787502476.327620960 0, 70417, 57;1, 72667, 17;
1787502479.805196860 0, 70801, 100;1, 72949, 100;
1787502482.003466708 0, 70929, 0;1, 73061, 0;
1787502484.465967117 0, 70929, 2;1, 73285, 0;
1787502487.315975628 0, 71187, 68;1, 73525, 14;
1787502490.369153159 0, 71517, 69;1, 73751, 22;
1787502493.135317721 0, 71889, 99;1, 74069, 83;
1787502495.366624515 0, 72145, 60;1, 74353, 26;
1787502497.959644841 0, 72657, 0;1, 74741, 0;
1787502500.631760433 0, 72785, 32;1, 75077, 36;
1787502503.460401813 0, 72929, 0;1, 75301, 0;
1787502506.274138360 0, 72929, 13;1, 75413, 11;
1787502509.114436529 0, 72929, 0;1, 75525, 67;
1787502512.294589711 0, 72929, 100;1, 75745, 99;
1787502514.653229169 0, 72929, 59;1, 75745, 62;
1787502517.031676234 0, 72929, 0;1, 75745, 28;
1787502520.389445668 0, 72929, 11;1, 75745, 20;
1787502527.774634969 0, 72865, 4;1, 75823, 0;
1787502530.574920808 0, 72721, 0;1, 76497, 0;
1787502533.407307529 0, 71039, 0;1, 77089, 19;
1787502536.272239792 0, 70889, 0;1, 77089, 0;
1787502539.213737603 0, 70769, 0;1, 77089, 87;
1787502541.976980885 0, 70475, 0;1, 77089, 19;
1787502544.633913844 0, 69587, 0;1, 77089, 0;
1787502547.558730819 0, 69381, 0;1, 77089, 0;
1787502552.212918889 0, 69307, 0;1, 77089, 14;
1787502556.749791970 0, 67979, 0;1, 77089, 0;
1787502559.281283212 0, 64437, 0;1, 76459, 0;
1787502562.095122639 0, 59113, 0;1, 75993, 0;
1787502564.903187196 0, 56579, 0;1, 75449, 3;
1787502569.459674318 0, 56505, 0;1, 75511, 18;
1787502574.442945327 0, 56255, 0;1, 75595, 10;
1787502581.050971858 0, 56173, 0;1, 75633, 66;
1787502584.126074111 0, 56045, 0;1, 75661, 3;
1787502590.064993038 0, 55957, 0;1, 75675, 37;
1787502593.243347130 0, 52607, 0;1, 75185, 0;
1787502595.729168821 0, 51663, 2;1, 75521, 31;
1787502598.791388212 0, 37069, 10;1, 75843, 9;
1787502601.245398534 0, 37069, 0;1, 75073, 11;
1787502604.104882478 0, 37069, 0;1, 74289, 0;
1787502607.242377425 0, 37069, 0;1, 74465, 16;
1787502609.889003052 0, 37069, 0;1, 75383, 38;
1787502612.645608527 0, 37069, 0;1, 75857, 0;
1787502615.358147417 0, 37069, 0;1, 76641, 0;
1787502618.046995854 0, 37069, 0;1, 76753, 0;
1787502620.741851322 0, 37069, 0;1, 76753, 0;
1787502623.477927512 0, 37069, 0;1, 76641, 42;
1787502626.402061148 0, 37069, 0;1, 76641, 1;
1787502629.393896840 0, 37069, 0;1, 76641, 0;
1787502632.198247019 0, 37069, 0;1, 76641, 0;
1787502635.001523292 0, 37069, 0;1, 76865, 0;
1787502637.874628934 0, 49795, 96;1, 76865, 37;
1787502640.800533040 0, 51055, 0;1, 74745, 9;
1787502643.615318229 0, 51055, 0;1, 57110, 0;
1787502646.864668252 0, 51959, 0;1, 57720, 20;
1787502649.572510704 0, 52183, 6;1, 57828, 1;
1787502652.470523806 0, 52183, 6;1, 57828, 32;
1787502655.358763920 0, 52183, 0;1, 57828, 77;
1787502658.270600156 0, 52183, 0;1, 56536, 0;
1787502661.182823954 0, 51997, 0;1, 52182, 0;
1787502664.115072970 0, 49493, 0;1, 47568, 0;
1787502667.010629523 0, 49493, 0;1, 42700, 0;
1787502669.928901161 0, 49493, 0;1, 42700, 0;
1787502672.833840978 0, 49493, 0;1, 42700, 0;
1787502675.239494907 0, 49493, 0;1, 42700, 0;
1787502678.356893735 0, 49493, 0;1, 42700, 0;
1787502680.608883956 0, 49493, 0;1, 42700, 0;
1787502683.178765405 0, 49493, 0;1, 42700, 0;
1787502686.012363588 0, 49493, 0;1, 42700, 0;
1787502688.887390316 0, 49493, 0;1, 42700, 0;
1787502691.708859075 0, 49493, 0;1, 42700, 0;
1787502694.555710359 0, 49493, 0;1, 42700, 0;
1787502697.429341476 0, 49493, 0;1, 42700, 0;
1787502700.294679686 0, 49493, 0;1, 42700, 0;
1787502703.055064234 0, 49493, 0;1, 42700, 0;
1787502705.927252160 0, 49493, 0;1, 42700, 0;
1787502708.784780695 0, 49493, 0;1, 42700, 0;
1787502711.655899943 0, 49493, 0;1, 42700, 0;
1787502714.438579482 0, 49493, 0;1, 42700, 0;
1787502717.275372593 0, 49493, 0;1, 42700, 0;
1787502720.199166303 0, 49493, 0;1, 42700, 0;
1787502723.029944982 0, 49493, 0;1, 42700, 0;
1787502725.900975357 0, 49493, 0;1, 42700, 0;
1787502728.791765709 0, 49493, 0;1, 42700, 0;
1787502731.599799040 0, 49493, 0;1, 42700, 0;
1787502734.350453567 0, 49493, 0;1, 42700, 0;
1787502737.159757096 0, 49493, 0;1, 42700, 0;
1787502739.877683736 0, 49493, 0;1, 42700, 0;
1787502742.713847410 0, 49493, 0;1, 42700, 0;
1787502745.536592631 0, 49493, 0;1, 42700, 0;
1787502748.352347333 0, 49493, 0;1, 42700, 0;
1787502751.118511884 0, 49493, 0;1, 42700, 0;
1787502753.445002470 0, 49493, 0;1, 42700, 0;
1787502756.427824951 0, 49493, 0;1, 42700, 0;
1787502758.655276085 0, 49493, 0;1, 42700, 0;
1787502761.090966520 0, 49493, 0;1, 42700, 0;
1787502764.099437307 0, 49493, 0;1, 42700, 0;
1787502766.718508114 0, 49493, 0;1, 42700, 0;
1787502769.458549593 0, 49493, 0;1, 42700, 0;
1787502772.288908543 0, 49493, 0;1, 42700, 0;
1787502775.215166822 0, 49493, 0;1, 42700, 0;
1787502778.038625484 0, 49493, 0;1, 42700, 0;
1787502781.035804081 0, 49493, 0;1, 42700, 0;
1787502784.067696946 0, 49493, 0;1, 42700, 0;
1787502786.460332713 0, 49493, 0;1, 42700, 0;
1787502788.786744405 0, 49493, 0;1, 42700, 0;
1787502791.643355953 0, 49493, 0;1, 42700, 0;
1787502794.500950328 0, 49493, 0;1, 42700, 0;
1787502797.481617739 0, 49493, 0;1, 42700, 0;
1787502799.727516066 0, 49493, 0;1, 42700, 0;
1787502802.275481270 0, 49493, 0;1, 42700, 0;
1787502805.471874234 0, 49493, 0;1, 42700, 0;
1787502808.235400190 0, 49493, 0;1, 42700, 0;
1787502811.262319527 0, 49493, 0;1, 42700, 0;
1787502813.995431734 0, 49493, 0;1, 42700, 0;
1787502816.893081512 0, 49493, 0;1, 42700, 0;
1787502819.726644078 0, 49493, 0;1, 42700, 0;
1787502822.655610210 0, 49493, 0;1, 42700, 0;
1787502825.500137572 0, 49493, 0;1, 42700, 0;
1787502828.491641754 0, 49493, 0;1, 42700, 0;
1787502831.039169292 0, 49493, 0;1, 42700, 0;
1787502833.930403434 0, 49493, 0;1, 42700, 0;
1787502836.209735897 0, 49493, 0;1, 42700, 0;
1787502838.720677534 0, 49493, 0;1, 42700, 0;
1787502841.548079186 0, 49493, 0;1, 42700, 0;
1787502844.325940366 0, 49493, 0;1, 42700, 0;
1787502847.222814805 0, 49493, 0;1, 42700, 0;
1787502850.063912551 0, 49493, 0;1, 42700, 0;
1787502852.962878274 0, 49493, 0;1, 42700, 0;
1787502855.850402187 0, 49493, 0;1, 42700, 0;
1787502858.828192422 0, 49493, 0;1, 42700, 0;
1787502861.850757693 0, 49493, 0;1, 42700, 0;
1787502864.785698782 0, 49493, 0;1, 42700, 0;
1787502867.760352014 0, 49493, 0;1, 42700, 0;
1787502870.696072638 0, 49493, 0;1, 42700, 0;
1787502873.744734668 0, 49493, 0;1, 42700, 0;
1787502876.693142919 0, 49493, 0;1, 42700, 0;
1787502879.571216755 0, 49493, 0;1, 42700, 0;
1787502882.435519506 0, 49493, 0;1, 42700, 0;
1787502885.201549082 0, 49493, 0;1, 42700, 0;
1787502887.988569642 0, 49493, 0;1, 42700, 0;
1787502890.793840417 0, 49493, 0;1, 42700, 0;
1787502893.571300470 0, 49493, 0;1, 42700, 0;
1787502896.506508818 0, 49493, 0;1, 42700, 0;
1787502899.436438709 0, 49493, 0;1, 42700, 0;
1787502902.468784214 0, 49493, 0;1, 42700, 0;
1787502905.366418333 0, 49493, 0;1, 42700, 0;
1787502907.828132754 0, 49493, 0;1, 42700, 0;
1787502910.987649072 0, 49493, 0;1, 42700, 0;
1787502913.227190077 0, 49493, 0;1, 42700, 0;
1787502915.803552646 0, 48994, 36;1, 42199, 10;
1787502920.094045537 0, 46796, 7;1, 39777, 0;
