1787411382.601153417 0, 35388, 0;1, 35402, 0;
1787411384.839191796 0, 35838, 0;1, 35838, 0;
1787411387.077558984 0, 35886, 0;1, 36486, 67;
1787411389.687148724 0, 36122, 1;1, 36838, 0;
1787411392.312620274 0, 36122, 0;1, 37326, 0;
1787411395.123152310 0, 36250, 6;1, 37628, 12;
1787411397.715927066 0, 36330, 0;1, 37796, 28;
1787411400.594082378 0, 36588, 0;1, 38110, 11;
1787411404.514551966 0, 36762, 0;1, 38356, 30;
1787411406.776144907 0, 37740, 0;1, 38618, 16;
1787411409.367230589 0, 37740, 0;1, 39918, 0;
1787411412.191100844 0, 37740, 7;1, 40086, 24;
1787411414.995576691 0, 37844, 0;1, 40460, 0;
1787411417.741776333 0, 37952, 0;1, 41280, 0;
1787411420.397470835 0, 37996, 0;1, 42158, 0;
1787411423.103199552 0, 37996, 0;1, 42326, 12;
1787411425.887035857 0, 38140, 0;1, 42980, 0;
1787411428.638271088 0, 38538, 0;1, 43602, 39;
1787411431.402341863 0, 38628, 0;1, 44058, 0;
1787411434.062979921 0, 39096, 0;1, 45010, 0;
1787411436.833102869 0, 39632, 0;1, 46196, 0;
1787411439.561138652 0, 39676, 0;1, 46796, 0;
1787411442.293688828 0, 39820, 0;1, 50148, 13;
1787411445.012418484 0, 38620, 0;1, 51392, 16;
1787411448.634035833 0, 39139, 86;1, 51548, 62;
1787411450.852229231 0, 39139, 0;1, 51720, 0;
1787411453.161793535 0, 39475, 0;1, 51722, 24;
1787411455.855811803 0, 40023, 0;1, 51722, 0;
1787411458.528621032 0, 40819, 14;1, 51722, 79;
1787411461.302377650 0, 40819, 0;1, 51722, 70;
1787411464.157716108 0, 41169, 4;1, 51722, 6;
1787411466.939108855 0, 41713, 4;1, 51274, 3;
1787411469.670434094 0, 42527, 0;1, 48586, 0;
1787411472.535634894 0, 43283, 0;1, 48586, 0;
1787411475.400319842 0, 43671, 15;1, 48586, 0;
1787411478.419713240 0, 43671, 50;1, 48586, 0;
1787411480.907517219 0, 44013, 0;1, 48586, 0;
1787411483.107338525 0, 44695, 4;1, 48586, 0;
1787411485.801697059 0, 45797, 0;1, 48586, 0;
1787411488.524457499 0, 46037, 4;1, 48586, 0;
1787411491.197266269 0, 46267, 0;1, 48586, 0;
1787411493.909817404 0, 47071, 13;1, 48586, 0;
1787411496.599931303 0, 48199, 0;1, 48586, 0;
1787411499.405581389 0, 48709, 95;1, 48586, 0;
1787411502.272420204 0, 49221, 0;1, 48586, 0;
1787411505.107691354 0, 49745, 0;1, 48586, 0;
1787411507.879010341 0, 50417, 0;1, 48586, 0;
1787411510.636053014 0, 51373, 0;1, 48586, 0;
1787411513.446050901 0, 52001, 4;1, 48586, 0;
1787411516.154538218 0, 52001, 0;1, 48586, 0;
1787411518.902150597 0, 52417, 0;1, 48586, 0;
1787411521.656075579 0, 53581, 10;1, 48586, 0;
1787411524.394240496 0, 53837, 0;1, 48586, 0;
1787411527.109795745 0, 55237, 10;1, 48586, 0;
1787411529.864687688 0, 55633, 0;1, 48586, 0;
1787411532.776607221 0, 56353, 22;1, 48586, 0;
1787411535.801162344 0, 56747, 0;1, 48586, 0;
1787411538.913748010 0, 57829, 66;1, 48586, 0;
1787411541.872589899 0, 59073, 0;1, 48586, 0;
1787411544.850830611 0, 59457, 54;1, 48586, 0;
1787411547.744940230 0, 60737, 0;1, 48586, 0;
1787411550.797508781 0, 62001, 45;1, 48586, 0;
1787411553.792744831 0, 62001, 79;1, 48586, 0;
1787411556.125320773 0, 62921, 3;1, 48586, 0;
1787411559.220326716 0, 63693, 69;1, 48586, 0;
1787411562.176100515 0, 64365, 0;1, 48586, 0;
1787411565.338743005 0, 64701, 31;1, 48586, 0;
1787411568.202529858 0, 64701, 0;1, 48586, 0;
1787411571.083845183 0, 64701, 0;1, 48586, 0;
1787411574.096546131 0, 64701, 28;1, 48586, 0;
1787411576.959109294 0, 64701, 0;1, 48586, 0;
1787411579.821912517 0, 64701, 1;1, 48586, 0;
1787411582.704185822 0, 64701, 0;1, 48586, 0;
1787411585.493678725 0, 64701, 19;1, 48586, 0;
1787411588.328092613 0, 64573, 86;1, 48586, 0;
1787411591.221859664 0, 64559, 0;1, 48586, 0;
1787411594.233853060 0, 64317, 62;1, 48586, 0;
1787411597.099273648 0, 63933, 39;1, 48586, 0;
1787411599.999536919 0, 63165, 70;1, 48586, 0;
1787411602.914030455 0, 60611, 0;1, 48586, 0;
1787411605.723318199 0, 57641, 0;1, 48586, 0;
1787411608.490083985 0, 55751, 0;1, 48586, 0;
1787411611.221216089 0, 53053, 0;1, 48586, 0;
1787411614.074669651 0, 51577, 0;1, 48586, 0;
1787411616.758520219 0, 49421, 0;1, 48586, 0;
1787411619.517736284 0, 48957, 6;1, 48586, 0;
1787411622.197911866 0, 48061, 0;1, 48586, 0;
1787411624.942991920 0, 47703, 0;1, 48586, 0;
1787411627.623023385 0, 47421, 0;1, 48586, 0;
1787411630.354874904 0, 47421, 0;1, 48586, 0;
1787411633.377230830 0, 47421, 0;1, 48586, 0;
1787411636.355364529 0, 47421, 0;1, 48586, 0;
1787411639.215723577 0, 47421, 0;1, 48586, 0;
1787411642.040958053 0, 47421, 0;1, 48586, 0;
1787411644.680998377 0, 47421, 0;1, 48586, 0;
1787411647.365433735 0, 47421, 0;1, 48586, 0;
1787411649.971658140 0, 47421, 0;1, 48586, 0;
1787411652.682657933 0, 47421, 0;1, 48586, 0;
1787411655.281842313 0, 47421, 0;1, 48586, 0;
1787411657.979998839 0, 47421, 0;1, 48586, 0;
1787411660.638105709 0, 47421, 0;1, 48586, 0;
1787411663.370443811 0, 47421, 0;1, 48586, 0;
1787411666.002192211 0, 47421, 0;1, 48586, 0;
1787411668.694787824 0, 47421, 0;1, 48586, 0;
1787411671.699166828 0, 47421, 0;1, 48586, 0;
1787411674.543435440 0, 47421, 0;1, 48586, 0;
1787411677.574315212 0, 47421, 0;1, 48586, 0;
1787411680.683480024 0, 47421, 0;1, 48586, 0;
1787411683.663918651 0, 47421, 0;1, 48586, 0;
1787411686.675246581 0, 47421, 0;1, 48586, 0;
1787411689.603216270 0, 47421, 0;1, 48586, 0;
1787411692.585498579 0, 47421, 0;1, 48586, 0;
1787411695.441232783 0, 47421, 0;1, 48586, 0;
1787411698.249236246 0, 47421, 0;1, 48586, 0;
1787411701.197430022 0, 47421, 0;1, 48586, 0;
1787411704.188309226 0, 47421, 0;1, 48586, 0;
1787411707.157990662 0, 47421, 0;1, 48586, 0;
1787411710.311500331 0, 47421, 0;1, 48586, 0;
1787411712.627138634 0, 47421, 0;1, 48586, 0;
1787411715.223019508 0, 47421, 0;1, 48586, 0;
1787411717.947458984 0, 47421, 0;1, 48586, 0;
1787411720.689101898 0, 47421, 0;1, 48586, 0;
1787411723.395732489 0, 47421, 0;1, 48586, 0;
1787411726.233782707 0, 47421, 0;1, 48586, 0;
1787411729.004358306 0, 47421, 0;1, 48586, 0;
1787411731.864257856 0, 47421, 0;1, 48586, 0;
1787411734.729455670 0, 47421, 0;1, 48586, 0;
1787411737.554016441 0, 47421, 0;1, 48586, 0;
1787411740.332669148 0, 47421, 0;1, 48586, 0;
1787411743.058597575 0, 47421, 0;1, 48586, 0;
1787411746.030915136 0, 47421, 0;1, 48586, 0;
1787411748.876360984 0, 47421, 0;1, 48586, 0;
1787411751.733422881 0, 47421, 0;1, 48586, 0;
1787411754.560780203 0, 47421, 0;1, 48586, 0;
1787411757.408350441 0, 47421, 0;1, 48586, 0;
1787411760.186893648 0, 47421, 0;1, 48586, 0;
1787411762.966868849 0, 47421, 0;1, 48586, 0;
1787411765.772982469 0, 47421, 0;1, 48586, 0;
1787411768.622493941 0, 47421, 0;1, 48586, 0;
1787411771.446255217 0, 47421, 0;1, 48586, 0;
1787411774.340194843 0, 47421, 0;1, 48586, 0;
1787411777.265556226 0, 47421, 0;1, 48586, 0;
1787411780.186479540 0, 47421, 0;1, 48586, 0;
1787411783.106623086 0, 47421, 0;1, 48586, 0;
1787411786.062974777 0, 47421, 0;1, 48586, 0;
1787411788.376409739 0, 47421, 0;1, 48586, 0;
1787411791.521942834 0, 47421, 0;1, 48586, 0;
1787411794.344751121 0, 47421, 0;1, 48586, 0;
1787411796.960157969 0, 47421, 0;1, 48586, 0;
1787411799.599026020 0, 47421, 0;1, 48586, 0;
1787411802.406402138 0, 47421, 0;1, 48586, 0;
1787411805.171966682 0, 47421, 0;1, 48586, 0;
1787411807.966242148 0, 47421, 0;1, 48586, 0;
1787411810.829539078 0, 47421, 0;1, 48586, 0;
1787411813.621251321 0, 47421, 0;1, 48586, 0;
1787411816.504580671 0, 46920, 6;1, 48082, 8;
