1787389750.914747153 0, 33870, 0;1, 33894, 1;
1787389753.926747019 0, 33924, 6;1, 34240, 0;
1787389756.718317432 0, 34004, 0;1, 35344, 0;
1787389759.215307735 0, 34190, 3;1, 35916, 29;
1787389761.940764455 0, 34318, 6;1, 36216, 0;
1787389764.660642018 0, 34318, 0;1, 36794, 13;
1787389767.435863886 0, 34574, 0;1, 36942, 22;
1787389770.034645112 0, 34702, 12;1, 37562, 0;
1787389772.799154714 0, 35278, 0;1, 37986, 0;
1787389775.415327058 0, 35374, 0;1, 38894, 0;
1787389778.024785452 0, 35424, 0;1, 39642, 11;
1787389780.762925633 0, 35424, 10;1, 39892, 34;
1787389783.837776429 0, 35424, 91;1, 40738, 98;
1787389786.284303477 0, 35424, 8;1, 41184, 72;
1787389788.841726606 0, 35424, 14;1, 41186, 4;
1787389792.015262708 0, 35848, 0;1, 41886, 1;
1787389794.938344162 0, 37074, 0;1, 41886, 35;
1787389798.139130321 0, 38456, 0;1, 41886, 72;
1787389801.114007217 0, 39992, 0;1, 41886, 0;
1787389803.879813898 0, 41350, 2;1, 41886, 40;
1787389806.574795339 0, 42598, 100;1, 41886, 30;
1787389809.723639159 0, 43490, 100;1, 41886, 100;
1787389812.009601570 0, 44148, 7;1, 48940, 6;
1787389814.554378803 0, 46602, 0;1, 49598, 0;
1787389817.685228341 0, 45129, 0;1, 49462, 7;
1787389821.315318031 0, 46405, 7;1, 46988, 0;
1787389824.071833043 0, 48407, 0;1, 47140, 5;
1787389827.209798242 0, 50447, 43;1, 47130, 99;
1787389829.503561256 0, 51297, 0;1, 47232, 45;
1787389832.311327295 0, 53269, 77;1, 48442, 11;
1787389835.577213701 0, 54927, 100;1, 49790, 89;
1787389837.872378859 0, 56019, 0;1, 50322, 0;
1787389840.699546293 0, 56735, 4;1, 50942, 6;
1787389843.904966814 0, 57231, 100;1, 49222, 43;
1787389847.253899168 0, 57231, 100;1, 49222, 100;
1787389849.550784401 0, 57353, 2;1, 49110, 10;
1787389852.407094013 0, 57353, 46;1, 49110, 24;
1787389855.583747010 0, 57353, 99;1, 49110, 99;
1787389857.835534729 0, 57353, 0;1, 49110, 19;
1787389860.651224461 0, 57225, 29;1, 49110, 50;
1787389863.633895367 0, 57225, 97;1, 49110, 100;
1787389865.986560451 0, 57097, 0;1, 49110, 14;
1787389868.898413044 0, 57097, 0;1, 50030, 5;
1787389872.147003715 0, 57097, 51;1, 50964, 50;
1787389874.539524660 0, 71721, 99;1, 52092, 77;
1787389877.003428549 0, 72353, 0;1, 51854, 0;
1787389880.131686514 0, 72177, 0;1, 56524, 14;
1787389882.968006197 0, 72332, 60;1, 57062, 0;
1787389885.747394469 0, 72834, 0;1, 59060, 21;
1787389888.369512275 0, 72834, 1;1, 60666, 0;
1787389891.240708879 0, 72834, 0;1, 61964, 5;
1787389894.192466055 0, 72834, 0;1, 63052, 0;
1787389897.219041574 0, 72578, 91;1, 65290, 47;
1787389900.289517274 0, 72562, 0;1, 68708, 0;
1787389903.301731139 0, 72562, 0;1, 70262, 0;
1787389906.439358734 0, 72786, 98;1, 70798, 99;
1787389908.807313681 0, 72786, 7;1, 70686, 5;
1787389911.647737356 0, 72786, 0;1, 70422, 20;
1787389914.555630697 0, 72786, 51;1, 70326, 0;
1787389917.615947699 0, 72786, 79;1, 65264, 86;
1787389920.628262657 0, 72658, 48;1, 65264, 4;
1787389923.754631242 0, 72530, 100;1, 61224, 85;
1787389926.040089590 0, 72732, 36;1, 63318, 15;
1787389928.955524329 0, 73816, 0;1, 68378, 0;
1787389932.013100739 0, 74856, 0;1, 70254, 0;
1787389935.522442459 0, 75234, 100;1, 70470, 100;
1787389937.788001448 0, 75652, 0;1, 70470, 16;
1787389940.588908199 0, 76130, 100;1, 70358, 78;
1787389942.890569445 0, 77032, 40;1, 70264, 0;
1787389945.754862670 0, 76760, 65;1, 70024, 0;
1787389948.743304622 0, 76504, 92;1, 70026, 43;
1787389951.381101777 0, 76514, 24;1, 70136, 39;
1787389955.029932495 0, 76602, 0;1, 70024, 63;
1787389957.328281958 0, 76826, 0;1, 68452, 11;
1787389960.138100810 0, 76698, 0;1, 68268, 0;
1787389962.998777694 0, 76570, 0;1, 67716, 0;
1787389965.833082063 0, 76578, 0;1, 66794, 22;
1787389968.688007028 0, 76590, 11;1, 65450, 23;
1787389971.713193526 0, 76858, 0;1, 65450, 0;
1787389974.539536088 0, 76858, 0;1, 62034, 2;
1787389977.444027800 0, 76858, 0;1, 61910, 0;
1787389980.350321682 0, 76780, 0;1, 60690, 4;
1787389983.250264860 0, 75792, 0;1, 59040, 6;
1787389986.428200301 0, 76934, 0;1, 54922, 0;
1787389989.561344562 0, 76812, 39;1, 69792, 22;
1787389992.586895601 0, 72478, 0;1, 70324, 0;
1787389995.704007589 0, 72687, 0;1, 69848, 0;
1787389999.218843037 0, 69266, 0;1, 67185, 0;
1787390004.727126442 0, 69036, 0;1, 67185, 0;
1787390007.699859756 0, 68712, 0;1, 67185, 0;
1787390010.958262449 0, 34456, 69;1, 41848, 100;
1787390014.349155983 0, 22225, 0;1, 6, 0;
1787390016.414102384 0, 19421, 0;1, 6, 0;
1787390018.474361094 0, 19421, 0;1, 6, 0;
1787390020.533805210 0, 19421, 0;1, 6, 0;
1787390022.633787766 0, 19421, 0;1, 6, 0;
1787390024.695594093 0, 0, 0;1, 0, 0;
1787390026.762818014 0, 0, 0;1, 0, 0;
1787390028.825989676 0, 0, 0;1, 0, 0;
1787390030.909578419 0, 0, 0;1, 0, 0;
1787390032.970487051 0, 0, 0;1, 0, 0;
1787390035.035605670 0, 0, 0;1, 0, 0;
1787390037.103201241 0, 0, 0;1, 0, 0;
1787390039.165604968 0, 0, 0;1, 0, 0;
1787390041.228402925 0, 0, 0;1, 0, 0;
1787390043.293830384 0, 0, 0;1, 0, 0;
1787390045.354927322 0, 0, 0;1, 0, 0;
1787390047.463291083 0, 0, 0;1, 0, 0;
1787390049.527296183 0, 0, 0;1, 0, 0;
1787390051.591877783 0, 0, 0;1, 0, 0;
1787390053.660307301 0, 0, 0;1, 0, 0;
1787390055.722281267 0, 0, 0;1, 0, 0;
1787390057.787918879 0, 0, 0;1, 0, 0;
1787390059.852441774 0, 0, 0;1, 0, 0;
1787390061.915952214 0, 0, 0;1, 0, 0;
1787390063.983888052 0, 0, 0;1, 0, 0;
1787390066.047782660 0, 0, 0;1, 0, 0;
1787390068.114316358 0, 0, 0;1, 0, 0;
1787390070.178081642 0, 0, 0;1, 0, 0;
1787390072.224046821 0, 0, 0;1, 0, 0;
1787390074.303518314 0, 0, 0;1, 0, 0;
1787390076.371854763 0, 0, 0;1, 0, 0;
1787390078.903068741 0, 0, 0;1, 0, 0;
1787390080.965757133 0, 0, 0;1, 0, 0;
1787390083.046124166 0, 0, 0;1, 0, 0;
1787390085.110119440 0, 0, 0;1, 0, 0;
1787390087.174549944 0, 0, 0;1, 0, 0;
1787390089.254610199 0, 0, 0;1, 0, 0;
1787390091.319071978 0, 0, 0;1, 0, 0;
1787390093.434530855 0, 0, 0;1, 0, 0;
1787390095.539343941 0, 0, 0;1, 0, 0;
1787390097.602955289 0, 0, 0;1, 0, 0;
1787390099.668309962 0, 0, 0;1, 0, 0;
1787390101.753974719 0, 0, 0;1, 0, 0;
1787390103.815841339 0, 0, 0;1, 0, 0;
1787390105.916458332 0, 0, 0;1, 0, 0;
1787390107.979782413 0, 0, 0;1, 0, 0;
1787390110.047913975 0, 0, 0;1, 0, 0;
1787390112.116556166 0, 0, 0;1, 0, 0;
1787390114.199490213 0, 0, 0;1, 0, 0;
1787390116.717115262 0, 0, 0;1, 0, 0;
1787390118.782132100 0, 0, 0;1, 0, 0;
1787390120.867365131 0, 0, 0;1, 0, 0;
1787390122.932088109 0, 0, 0;1, 0, 0;
1787390124.996967855 0, 0, 0;1, 0, 0;
1787390127.062278240 0, 0, 0;1, 0, 0;
1787390129.152971854 0, 0, 0;1, 0, 0;
1787390131.221791158 0, 0, 0;1, 0, 0;
1787390133.301634582 0, 0, 0;1, 0, 0;
1787390135.369607664 0, 0, 0;1, 0, 0;
1787390137.461239409 0, 0, 0;1, 0, 0;
1787390139.541249192 0, 0, 0;1, 0, 0;
1787390141.605819696 0, 0, 0;1, 0, 0;
1787390143.710371282 0, 0, 0;1, 0, 0;
1787390145.798526103 0, 0, 0;1, 0, 0;
1787390147.866204009 0, 0, 0;1, 0, 0;
1787390149.950238502 0, 0, 0;1, 0, 0;
1787390152.019693669 0, 0, 0;1, 0, 0;
1787390154.086400897 0, 0, 0;1, 0, 0;
1787390156.179245501 0, 0, 0;1, 0, 0;
1787390158.267396708 0, 0, 0;1, 0, 0;
1787390160.331498239 0, 0, 0;1, 0, 0;
1787390162.399310655 0, 0, 0;1, 0, 0;
1787390164.465607888 0, 0, 0;1, 0, 0;
1787390166.528672460 0, 0, 0;1, 0, 0;
1787390168.599284555 0, 0, 0;1, 0, 0;
1787390170.667876295 0, 0, 0;1, 0, 0;
1787390172.734766071 0, 0, 0;1, 0, 0;
