1787503732.717141481 0, 35388, 0;1, 35402, 0;
1787503735.052185221 0, 35822, 0;1, 35858, 0;
1787503737.862620563 0, 36004, 0;1, 36688, 0;
1787503740.649011660 0, 36092, 0;1, 37508, 16;
1787503743.594636449 0, 36220, 0;1, 37728, 27;
1787503746.397430438 0, 36220, 0;1, 38112, 14;
1787503749.205592574 0, 36476, 6;1, 38384, 0;
1787503752.148070661 0, 36604, 0;1, 39038, 0;
1787503755.148466526 0, 37198, 4;1, 39236, 11;
1787503758.583106020 0, 37454, 45;1, 39634, 77;
1787503761.031723258 0, 37582, 1;1, 40232, 28;
1787503764.253720893 0, 37582, 7;1, 40802, 0;
1787503767.164521513 0, 37710, 7;1, 41042, 0;
1787503770.048270567 0, 37710, 0;1, 42062, 13;
1787503772.891701374 0, 37744, 0;1, 42370, 69;
1787503775.784765152 0, 38334, 0;1, 43790, 14;
1787503778.608305233 0, 38786, 88;1, 44400, 14;
1787503781.596181281 0, 39556, 100;1, 46084, 100;
1787503783.831186865 0, 39556, 14;1, 46560, 25;
1787503786.515119617 0, 39802, 0;1, 47140, 0;
1787503789.456187245 0, 40148, 5;1, 47140, 52;
1787503792.299864473 0, 40292, 100;1, 51006, 47;
1787503794.739065047 0, 39134, 0;1, 51868, 0;
1787503797.025494812 0, 39165, 12;1, 51868, 17;
1787503799.827968448 0, 40285, 32;1, 52116, 50;
1787503802.804706470 0, 40799, 4;1, 52308, 7;
1787503805.890181234 0, 41587, 0;1, 52606, 31;
1787503808.955973145 0, 42209, 71;1, 52834, 63;
1787503811.923670572 0, 42209, 66;1, 53210, 85;
1787503814.966060854 0, 42735, 5;1, 53428, 14;
1787503818.068169684 0, 43343, 4;1, 53740, 10;
1787503821.059745097 0, 43889, 60;1, 52120, 7;
1787503824.103254686 0, 44815, 41;1, 52724, 28;
1787503827.223205350 0, 45455, 94;1, 50314, 99;
1787503829.440804953 0, 45949, 0;1, 50314, 0;
1787503832.144812463 0, 46197, 48;1, 50314, 52;
1787503834.462397062 0, 46435, 2;1, 50314, 0;
1787503837.493337134 0, 46435, 30;1, 50314, 35;
1787503839.728158796 0, 46435, 60;1, 50314, 70;
1787503842.206096603 0, 46435, 43;1, 50314, 28;
1787503845.158825629 0, 47071, 21;1, 50314, 40;
1787503848.240245198 0, 47959, 96;1, 50250, 99;
1787503850.465808626 0, 48475, 8;1, 50362, 0;
1787503852.928929593 0, 49539, 74;1, 65678, 63;
1787503855.901636896 0, 49315, 0;1, 67404, 19;
1787503858.787174221 0, 49691, 0;1, 68376, 25;
1787503861.771111381 0, 50531, 98;1, 69136, 100;
1787503864.195134489 0, 55621, 4;1, 69656, 0;
1787503866.639340167 0, 56695, 0;1, 59438, 0;
1787503869.549045127 0, 57449, 4;1, 60052, 0;
1787503872.498624601 0, 58411, 74;1, 61170, 97;
1787503874.695356620 0, 59165, 0;1, 61842, 0;
1787503877.238226695 0, 60529, 4;1, 62528, 11;
1787503880.179383891 0, 61797, 0;1, 63666, 0;
1787503883.159083831 0, 62839, 68;1, 64646, 0;
1787503886.169100620 0, 63945, 4;1, 65546, 5;
1787503889.327785788 0, 65145, 78;1, 67192, 16;
1787503892.421897523 0, 65685, 97;1, 67976, 98;
1787503894.690937248 0, 69177, 0;1, 69420, 6;
1787503897.342977261 0, 69783, 16;1, 66110, 0;
1787503900.255748322 0, 68727, 0;1, 66454, 6;
1787503903.268966773 0, 69475, 80;1, 66454, 21;
1787503906.347524671 0, 67317, 96;1, 66566, 99;
1787503908.581304474 0, 67785, 4;1, 68846, 9;
1787503911.454346263 0, 71765, 74;1, 70538, 19;
1787503914.939145948 0, 73573, 73;1, 69912, 44;
1787503917.373803779 0, 73577, 0;1, 69794, 7;
1787503920.227021611 0, 73577, 0;1, 69938, 0;
1787503923.244328169 0, 73577, 0;1, 69762, 2;
1787503926.309481825 0, 73779, 0;1, 69572, 45;
1787503929.364320960 0, 73779, 78;1, 69572, 47;
1787503932.288756081 0, 73779, 99;1, 69594, 100;
1787503934.557788576 0, 73779, 21;1, 69768, 3;
1787503937.167683259 0, 74275, 0;1, 69762, 8;
1787503940.173113465 0, 74483, 30;1, 69552, 0;
1787503943.262914430 0, 74483, 100;1, 69538, 100;
1787503945.508283593 0, 74483, 1;1, 69274, 2;
1787503948.312761380 0, 74739, 4;1, 68194, 5;
1787503951.316472185 0, 74867, 50;1, 68306, 14;
1787503954.628012470 0, 75491, 100;1, 68418, 0;
1787503957.765860405 0, 76003, 99;1, 68082, 97;
1787503960.029890015 0, 76003, 0;1, 67028, 0;
1787503962.889238979 0, 76259, 14;1, 67086, 0;
1787503965.864090095 0, 76259, 54;1, 65624, 43;
1787503968.438533535 0, 76259, 0;1, 65736, 4;
1787503970.723431948 0, 76259, 55;1, 64952, 12;
1787503973.725222799 0, 76259, 2;1, 65590, 0;
1787503976.547955662 0, 76259, 100;1, 66188, 34;
1787503979.501572612 0, 76259, 56;1, 66526, 75;
1787503982.161425687 0, 76259, 14;1, 67064, 0;
1787503984.447546199 0, 76259, 0;1, 67708, 0;
1787503987.336839428 0, 76259, 68;1, 67928, 48;
1787503989.791181744 0, 76259, 0;1, 67928, 0;
1787503993.023806668 0, 76259, 40;1, 67928, 43;
1787503995.681572699 0, 76259, 20;1, 68376, 28;
1787503998.197624437 0, 76259, 3;1, 69300, 15;
1787504001.225648238 0, 76259, 95;1, 70168, 46;
1787504003.823814120 0, 76259, 0;1, 70810, 0;
1787504006.377749368 0, 76259, 4;1, 71424, 0;
1787504009.381775354 0, 76259, 100;1, 72296, 97;
1787504011.631507506 0, 76259, 7;1, 72968, 0;
1787504014.389882976 0, 76259, 0;1, 73646, 10;
1787504017.564249310 0, 76259, 4;1, 74200, 19;
1787504020.561519439 0, 76259, 45;1, 74230, 0;
1787504023.560588231 0, 76259, 0;1, 74300, 0;
1787504026.589993281 0, 76259, 39;1, 73976, 21;
1787504029.630796199 0, 76259, 99;1, 74664, 98;
1787504031.890508209 0, 76355, 2;1, 74872, 0;
1787504034.526637261 0, 76387, 0;1, 74446, 11;
1787504037.591566014 0, 76387, 46;1, 73976, 49;
1787504040.664331981 0, 76387, 99;1, 74052, 64;
1787504042.898792398 0, 76387, 25;1, 74792, 0;
1787504045.549461520 0, 76387, 27;1, 75874, 0;
1787504048.696066433 0, 76387, 22;1, 76582, 0;
1787504051.597528125 0, 76623, 5;1, 76782, 0;
1787504054.641528075 0, 76711, 37;1, 76782, 32;
1787504057.355424380 0, 76711, 83;1, 76782, 87;
1787504059.620727638 0, 76711, 5;1, 76670, 26;
1787504062.520411007 0, 76823, 76;1, 76670, 10;
1787504065.571980189 0, 76823, 20;1, 76670, 69;
1787504067.814502860 0, 76935, 30;1, 76670, 44;
1787504071.215606589 0, 76935, 50;1, 76670, 95;
1787504073.412805260 0, 77003, 4;1, 76670, 0;
1787504076.038060117 0, 77047, 4;1, 76670, 0;
1787504079.032708628 0, 77047, 43;1, 76670, 46;
1787504082.066805919 0, 77047, 100;1, 76734, 100;
1787504084.335156838 0, 77047, 4;1, 76734, 2;
1787504087.233082676 0, 77047, 58;1, 76734, 35;
1787504090.285981276 0, 77047, 100;1, 76734, 100;
1787504092.534609319 0, 77047, 5;1, 76734, 8;
1787504095.246219429 0, 77047, 100;1, 76734, 100;
1787504097.522517652 0, 77047, 5;1, 76798, 0;
1787504100.080600188 0, 77047, 63;1, 76798, 28;
1787504103.138726784 0, 76919, 2;1, 76798, 69;
1787504105.360530323 0, 76919, 0;1, 76686, 0;
1787504108.149995066 0, 76919, 49;1, 76462, 30;
1787504111.231322862 0, 76919, 53;1, 76358, 29;
1787504113.832920326 0, 76695, 1;1, 76686, 0;
1787504116.084302659 0, 76839, 4;1, 77022, 2;
1787504119.071560678 0, 76839, 0;1, 77022, 55;
1787504122.086130915 0, 76839, 72;1, 77022, 94;
1787504124.510253992 0, 76839, 18;1, 77022, 27;
1787504127.065281817 0, 76839, 3;1, 76886, 7;
1787504130.339174193 0, 76839, 0;1, 74648, 0;
1787504133.199019068 0, 76839, 0;1, 70142, 6;
1787504136.206992250 0, 76839, 19;1, 67864, 7;
1787504139.124692932 0, 77493, 0;1, 72878, 0;
1787504142.041993372 0, 76409, 60;1, 73102, 29;
1787504144.791170778 0, 74401, 22;1, 73310, 7;
1787504147.750844909 0, 74273, 15;1, 73346, 36;
1787504150.270387250 0, 74219, 0;1, 73706, 0;
1787504152.866320955 0, 74125, 0;1, 73936, 9;
1787504155.848143927 0, 74017, 0;1, 74464, 0;
1787504158.752436138 0, 73439, 0;1, 74804, 0;
1787504161.901329345 0, 73167, 0;1, 74916, 0;
1787504164.803522252 0, 72073, 52;1, 75028, 29;
1787504167.887742346 0, 68753, 0;1, 75368, 5;
1787504170.984883499 0, 68465, 0;1, 75836, 7;
1787504174.105616863 0, 67313, 5;1, 76092, 0;
1787504177.046852347 0, 67313, 82;1, 76372, 0;
1787504180.081111189 0, 67313, 0;1, 76708, 4;
1787504183.199585578 0, 67185, 32;1, 76820, 28;
1787504186.246991189 0, 67185, 99;1, 76924, 100;
1787504188.484393625 0, 67275, 0;1, 76924, 7;
1787504191.299510644 0, 67749, 97;1, 76924, 100;
1787504193.569925086 0, 69191, 3;1, 76924, 0;
1787504196.210012874 0, 72881, 91;1, 75786, 61;
1787504198.613322978 0, 73393, 4;1, 72020, 0;
1787504201.247585376 0, 73521, 70;1, 72580, 33;
1787504203.967446981 0, 73521, 55;1, 73140, 4;
1787504206.223523104 0, 73185, 0;1, 73700, 17;
1787504209.153357099 0, 73697, 4;1, 74098, 23;
1787504212.310551174 0, 73809, 0;1, 74468, 21;
1787504215.165421235 0, 74451, 6;1, 74676, 48;
1787504218.136045880 0, 74723, 11;1, 75218, 1;
1787504221.135576723 0, 75185, 57;1, 75320, 40;
1787504223.539030277 0, 75185, 43;1, 75624, 64;
1787504225.887144892 0, 75501, 2;1, 75332, 28;
1787504228.864935436 0, 76035, 14;1, 72936, 41;
1787504231.885604835 0, 76465, 92;1, 72936, 100;
1787504234.123310672 0, 76465, 58;1, 73496, 47;
1787504237.053438829 0, 76465, 0;1, 73832, 15;
1787504240.002246044 0, 76465, 0;1, 74580, 0;
1787504243.144886888 0, 76465, 12;1, 74770, 12;
1787504246.056206366 0, 76465, 26;1, 74840, 0;
1787504248.984569451 0, 76465, 3;1, 74980, 0;
1787504251.941873404 0, 76465, 0;1, 74056, 5;
1787504254.902266859 0, 76465, 2;1, 74616, 23;
1787504257.880298244 0, 76465, 2;1, 75512, 11;
1787504260.964363957 0, 76465, 0;1, 75848, 2;
1787504263.941467415 0, 76465, 99;1, 76598, 37;
1787504267.035173094 0, 76465, 0;1, 77008, 0;
1787504270.205735350 0, 76465, 100;1, 77132, 99;
1787504272.455514640 0, 76465, 0;1, 77132, 0;
1787504275.359558118 0, 76465, 81;1, 77044, 28;
1787504278.472581339 0, 76465, 100;1, 77022, 100;
1787504280.740498484 0, 76465, 46;1, 76988, 0;
1787504283.403551469 0, 76465, 0;1, 77006, 0;
1787504286.577135015 0, 76465, 10;1, 76590, 2;
1787504289.551561245 0, 76465, 42;1, 75982, 0;
1787504292.664712147 0, 76289, 96;1, 74414, 99;
1787504294.930214735 0, 69567, 0;1, 73420, 23;
1787504297.762850963 0, 66201, 41;1, 72380, 39;
1787504300.133366282 0, 66201, 27;1, 71390, 34;
1787504303.312032133 0, 66073, 1;1, 69936, 35;
1787504305.623507866 0, 65217, 9;1, 67694, 0;
1787504308.284156714 0, 63363, 0;1, 67654, 13;
1787504311.176541662 0, 59005, 0;1, 60950, 0;
1787504314.026959352 0, 49929, 0;1, 60950, 0;
1787504316.895613456 0, 48281, 0;1, 60950, 7;
1787504319.692010596 0, 43053, 1;1, 57276, 0;
