1787402339.228517473 0, 35388, 0;1, 35402, 0;
1787402341.491833643 0, 35792, 5;1, 35880, 11;
1787402344.906995941 0, 35874, 0;1, 37410, 0;
1787402347.303494451 0, 36092, 6;1, 37846, 0;
1787402350.215545218 0, 36220, 0;1, 38172, 0;
1787402353.095641518 0, 36220, 4;1, 38756, 0;
1787402355.913708470 0, 36476, 6;1, 38978, 17;
1787402358.683926339 0, 36604, 0;1, 39922, 14;
1787402361.542440224 0, 40478, 0;1, 39922, 0;
1787402364.478918720 0, 52078, 45;1, 40690, 0;
1787402367.391137083 0, 53682, 0;1, 38791, 11;
1787402370.551342412 0, 54374, 20;1, 39305, 17;
1787402372.841484968 0, 55266, 0;1, 39529, 11;
1787402375.517935866 0, 55272, 0;1, 39641, 0;
1787402378.429852730 0, 55400, 0;1, 40135, 0;
1787402381.228503639 0, 56626, 0;1, 40089, 0;
1787402384.226362728 0, 58430, 0;1, 39865, 6;
1787402387.277683918 0, 59850, 0;1, 39865, 0;
1787402390.264662763 0, 61330, 0;1, 39865, 0;
1787402393.111379299 0, 62244, 0;1, 39417, 0;
1787402396.031267425 0, 63102, 0;1, 40095, 0;
1787402398.767564547 0, 64364, 0;1, 45529, 0;
1787402401.547096620 0, 63444, 0;1, 45529, 0;
1787402404.407945496 0, 64529, 7;1, 45529, 7;
1787402407.356400865 0, 65517, 0;1, 45669, 9;
1787402409.892126220 0, 66765, 0;1, 45667, 0;
1787402412.750862174 0, 67777, 34;1, 45821, 39;
1787402415.121813902 0, 68613, 0;1, 46245, 0;
1787402418.380148634 0, 70341, 32;1, 47377, 100;
1787402420.625922262 0, 71665, 3;1, 47745, 0;
1787402423.215647712 0, 73505, 0;1, 48419, 3;
1787402426.160473308 0, 75157, 0;1, 48989, 0;
1787402429.158518239 0, 77073, 40;1, 52981, 0;
1787402432.203777288 0, 73910, 100;1, 52981, 24;
1787402435.310372176 0, 74312, 100;1, 53161, 100;
1787402437.563741014 0, 74312, 21;1, 53505, 2;
1787402440.171694408 0, 71500, 0;1, 55077, 0;
1787402443.081715478 0, 71372, 38;1, 56087, 27;
1787402446.076362880 0, 71372, 91;1, 56403, 97;
1787402448.326544789 0, 71372, 0;1, 56403, 3;
1787402451.069890122 0, 71374, 0;1, 56403, 0;
1787402454.036336560 0, 71374, 0;1, 56403, 0;
1787402456.917603451 0, 71374, 0;1, 57099, 0;
1787402459.942919273 0, 71374, 0;1, 58449, 18;
1787402463.034813742 0, 71376, 50;1, 60685, 0;
1787402466.076149578 0, 71248, 96;1, 62359, 100;
1787402468.277915229 0, 71248, 0;1, 63035, 0;
1787402470.880524690 0, 71248, 0;1, 64749, 0;
1787402473.887195973 0, 71248, 0;1, 66135, 0;
1787402476.957387349 0, 71248, 0;1, 66765, 4;
1787402480.012364400 0, 71248, 93;1, 67363, 0;
1787402483.135650890 0, 71248, 36;1, 70389, 0;
1787402486.267719263 0, 71248, 82;1, 73393, 27;
1787402488.498984590 0, 71248, 0;1, 74233, 0;
1787402491.548082537 0, 71248, 35;1, 74121, 52;
1787402494.155654297 0, 70992, 0;1, 74009, 0;
1787402497.292947315 0, 70742, 0;1, 73673, 0;
1787402500.340653307 0, 70214, 66;1, 73561, 6;
1787402503.449964056 0, 69424, 0;1, 73225, 27;
1787402506.483410967 0, 68932, 0;1, 73001, 19;
1787402509.608424917 0, 74874, 96;1, 73001, 71;
1787402512.576056637 0, 75460, 0;1, 70117, 0;
1787402515.587684915 0, 73154, 0;1, 70117, 0;
1787402518.567769173 0, 72450, 0;1, 70117, 10;
1787402521.495079558 0, 74220, 7;1, 70013, 11;
1787402524.540668389 0, 66044, 7;1, 67173, 34;
1787402527.344909351 0, 62802, 0;1, 66613, 15;
1787402530.262328250 0, 59644, 0;1, 64103, 0;
1787402533.020152068 0, 59644, 0;1, 63532, 2;
1787402536.083925326 0, 59898, 0;1, 63930, 10;
1787402538.660506346 0, 65388, 0;1, 62474, 0;
1787402541.492666365 0, 65430, 13;1, 60940, 0;
1787402544.320337248 0, 64856, 0;1, 57546, 15;
1787402547.188700443 0, 64876, 0;1, 55270, 0;
1787402550.090640876 0, 64876, 0;1, 52730, 5;
1787402552.938750032 0, 64984, 0;1, 48810, 0;
1787402555.675939888 0, 65120, 12;1, 47914, 8;
1787402558.406773465 0, 65120, 2;1, 47802, 0;
1787402561.216015666 0, 65120, 18;1, 47690, 0;
1787402563.999826710 0, 65120, 0;1, 47466, 0;
1787402566.726528253 0, 65120, 0;1, 47466, 0;
1787402569.684462026 0, 65120, 61;1, 47466, 18;
1787402572.215258329 0, 65120, 72;1, 47466, 34;
1787402574.625408144 0, 65120, 5;1, 47466, 0;
1787402577.330829223 0, 65122, 6;1, 47466, 0;
1787402579.954254201 0, 65230, 2;1, 47466, 0;
1787402582.786909477 0, 65378, 2;1, 47466, 0;
1787402585.439114197 0, 65378, 0;1, 47466, 3;
1787402588.222754806 0, 65378, 0;1, 47466, 7;
1787402591.039712221 0, 65378, 0;1, 47130, 0;
1787402593.944096916 0, 65378, 99;1, 47130, 5;
1787402596.906960897 0, 65378, 99;1, 47130, 34;
1787402599.826192923 0, 65378, 0;1, 47130, 0;
1787402602.755022581 0, 65266, 11;1, 47130, 13;
1787402605.530194732 0, 64898, 10;1, 47130, 0;
1787402608.256611539 0, 64274, 0;1, 47130, 34;
1787402611.006659928 0, 63938, 6;1, 47354, 10;
1787402613.740188901 0, 63554, 0;1, 47466, 0;
1787402616.519754896 0, 63554, 0;1, 47466, 3;
1787402619.315838257 0, 63170, 0;1, 47466, 4;
1787402622.111301653 0, 62530, 10;1, 47466, 0;
1787402624.819965908 0, 62402, 0;1, 47466, 0;
1787402627.598497045 0, 62402, 10;1, 47466, 7;
1787402630.348278335 0, 62402, 0;1, 47466, 19;
1787402633.104170221 0, 62402, 10;1, 47466, 18;
1787402635.806819993 0, 62402, 0;1, 47466, 19;
1787402638.611698874 0, 62402, 1;1, 47466, 7;
1787402641.329909135 0, 62402, 0;1, 47466, 5;
1787402644.115745433 0, 62402, 14;1, 47354, 0;
1787402647.006875781 0, 62402, 39;1, 47354, 26;
1787402649.501149713 0, 62402, 0;1, 47354, 3;
1787402651.856865185 0, 62402, 10;1, 47354, 0;
1787402654.661393759 0, 62146, 0;1, 47242, 3;
1787402657.301028803 0, 62146, 0;1, 47130, 19;
1787402660.040403354 0, 62146, 0;1, 47130, 9;
1787402662.816473716 0, 62146, 0;1, 47130, 16;
1787402665.651291783 0, 62146, 2;1, 47130, 15;
1787402668.475684492 0, 62146, 11;1, 47130, 0;
1787402671.219799325 0, 62146, 9;1, 47130, 10;
1787402673.940290289 0, 62146, 2;1, 47130, 3;
1787402676.711035626 0, 62146, 2;1, 47130, 0;
1787402679.352095542 0, 62146, 6;1, 47130, 0;
1787402682.114853042 0, 62146, 9;1, 47130, 0;
1787402684.908596167 0, 62146, 0;1, 47130, 0;
1787402687.779107813 0, 62146, 0;1, 47130, 0;
1787402690.529778995 0, 62146, 0;1, 47130, 0;
1787402693.248455577 0, 62146, 6;1, 47130, 0;
1787402696.020012180 0, 62146, 0;1, 47130, 0;
1787402698.800140660 0, 62146, 0;1, 47130, 0;
1787402701.597858053 0, 62146, 0;1, 47130, 0;
1787402704.291970507 0, 62146, 6;1, 47130, 0;
1787402707.015975479 0, 62146, 0;1, 47130, 0;
1787402709.766765854 0, 62146, 0;1, 47130, 0;
1787402712.527736518 0, 62146, 0;1, 47130, 0;
1787402715.304060650 0, 62146, 0;1, 47130, 0;
1787402718.109962936 0, 62146, 0;1, 47130, 0;
1787402720.856661308 0, 62146, 0;1, 47130, 0;
1787402723.957513066 0, 62146, 0;1, 47130, 0;
1787402728.106605350 0, 62146, 0;1, 47130, 0;
1787402730.585346152 0, 62146, 0;1, 47130, 0;
1787402733.519812609 0, 62146, 0;1, 47130, 0;
1787402736.391084133 0, 62146, 0;1, 47130, 0;
1787402739.197995586 0, 62146, 0;1, 47130, 0;
1787402741.974919247 0, 62146, 0;1, 47130, 0;
1787402744.711319675 0, 62146, 0;1, 47130, 0;
1787402747.434077054 0, 62146, 0;1, 47130, 0;
1787402750.158020885 0, 62146, 0;1, 47130, 0;
1787402752.892743579 0, 62146, 0;1, 47130, 0;
1787402755.594985202 0, 62146, 0;1, 47130, 0;
1787402758.307813078 0, 62146, 0;1, 47130, 0;
1787402761.146283984 0, 62146, 0;1, 47130, 0;
1787402763.508607373 0, 62146, 0;1, 47130, 0;
1787402766.280179448 0, 62146, 0;1, 47130, 0;
1787402769.143930742 0, 62146, 0;1, 47130, 0;
1787402771.827765055 0, 62146, 0;1, 47130, 0;
1787402774.552277634 0, 62146, 0;1, 47130, 0;
1787402777.334776100 0, 62146, 0;1, 47130, 0;
1787402779.895543674 0, 62146, 0;1, 47130, 0;
1787402782.700248994 0, 62146, 0;1, 47130, 0;
1787402785.506104695 0, 62146, 0;1, 47130, 0;
1787402788.326989441 0, 62146, 0;1, 47130, 0;
1787402791.112537305 0, 62146, 0;1, 47130, 0;
1787402793.955224848 0, 62146, 0;1, 47130, 0;
1787402796.723378789 0, 62146, 0;1, 47130, 0;
1787402799.527376450 0, 62146, 0;1, 47130, 0;
1787402801.824755204 0, 62146, 0;1, 47130, 0;
1787402804.975186790 0, 62146, 0;1, 47130, 0;
1787402807.554824031 0, 62146, 0;1, 47130, 0;
1787402810.182477444 0, 62146, 0;1, 47130, 0;
1787402812.911537165 0, 62146, 0;1, 47130, 0;
1787402815.558735491 0, 62146, 0;1, 47130, 0;
1787402818.342542286 0, 62146, 0;1, 47130, 0;
1787402821.039659860 0, 62146, 0;1, 47130, 0;
1787402823.820751112 0, 62146, 0;1, 47130, 0;
1787402826.554658856 0, 62146, 0;1, 47130, 0;
1787402829.301787183 0, 62146, 0;1, 47130, 0;
1787402832.050403474 0, 62146, 0;1, 47130, 0;
1787402834.852800208 0, 62146, 0;1, 47130, 0;
1787402837.612650800 0, 62146, 0;1, 47130, 0;
1787402840.409358478 0, 62146, 0;1, 47130, 0;
1787402843.048180831 0, 62146, 0;1, 47130, 0;
1787402845.777765030 0, 62146, 0;1, 47130, 0;
1787402848.464021982 0, 62146, 0;1, 47130, 0;
1787402851.155444876 0, 62146, 0;1, 47130, 0;
1787402853.815481792 0, 62146, 0;1, 47130, 0;
1787402856.574626767 0, 62146, 0;1, 47130, 0;
1787402859.337526982 0, 62146, 0;1, 47130, 0;
1787402862.085893394 0, 62146, 0;1, 47130, 0;
1787402864.865800013 0, 62146, 0;1, 47130, 0;
1787402867.607342873 0, 62146, 0;1, 47130, 0;
1787402870.391278130 0, 62146, 0;1, 47130, 0;
1787402873.045566363 0, 62146, 0;1, 47130, 0;
1787402875.780618478 0, 62146, 0;1, 47130, 0;
1787402878.587491426 0, 62146, 0;1, 47130, 0;
1787402881.895876759 0, 62146, 0;1, 47130, 0;
1787402884.789561005 0, 62146, 0;1, 47130, 0;
1787402887.715153129 0, 62146, 0;1, 47130, 0;
1787402890.638906165 0, 62146, 0;1, 47130, 0;
1787402893.595067972 0, 62146, 0;1, 47130, 0;
1787402896.605194710 0, 61645, 18;1, 46629, 0;
1787402900.452970941 0, 59449, 7;1, 44199, 0;
