1787409415.357005487 0, 35428, 0;1, 35462, 0;
1787409418.057742279 0, 35864, 0;1, 35992, 4;
1787409420.633623785 0, 35886, 0;1, 36542, 30;
1787409423.421808392 0, 36122, 6;1, 36990, 0;
1787409426.164911759 0, 36250, 0;1, 37132, 8;
1787409428.905867968 0, 36250, 6;1, 37826, 0;
1787409431.630978647 0, 36506, 18;1, 37996, 25;
1787409434.532451680 0, 36634, 0;1, 38548, 0;
1787409436.968708673 0, 37020, 0;1, 38786, 2;
1787409439.813416612 0, 37422, 0;1, 39204, 0;
1787409442.555355703 0, 37612, 0;1, 40230, 0;
1787409445.231619442 0, 37612, 0;1, 41126, 43;
1787409447.841296502 0, 37612, 0;1, 41830, 0;
1787409450.653151286 0, 37612, 0;1, 42594, 0;
1787409453.491414867 0, 37612, 0;1, 43606, 60;
1787409456.346440381 0, 37650, 19;1, 44248, 0;
1787409459.357687648 0, 37824, 72;1, 45922, 84;
1787409461.702455961 0, 38176, 0;1, 46402, 13;
1787409464.095976552 0, 38494, 7;1, 47770, 0;
1787409466.798128134 0, 38980, 0;1, 48522, 15;
1787409469.530697826 0, 39398, 0;1, 49388, 0;
1787409472.278889412 0, 39476, 29;1, 50642, 12;
1787409474.987041481 0, 39852, 15;1, 50642, 11;
1787409477.814038378 0, 40380, 2;1, 50642, 20;
1787409480.587566512 0, 40444, 0;1, 54132, 0;
1787409483.366525789 0, 39196, 0;1, 54368, 0;
1787409486.132621974 0, 39429, 3;1, 54368, 0;
1787409488.746592681 0, 40113, 4;1, 54860, 0;
1787409491.515499318 0, 40355, 0;1, 55266, 28;
1787409494.370378392 0, 40859, 0;1, 55652, 46;
1787409497.171088309 0, 41507, 0;1, 55458, 0;
1787409500.046045939 0, 42127, 0;1, 53428, 0;
1787409502.810840004 0, 42537, 0;1, 54510, 0;
1787409505.549791485 0, 42985, 3;1, 54680, 84;
1787409508.289227601 0, 43561, 0;1, 54676, 0;
1787409511.031032846 0, 44059, 0;1, 52170, 21;
1787409513.713603846 0, 45039, 0;1, 52170, 6;
1787409516.487095141 0, 45841, 0;1, 60522, 3;
1787409519.243577432 0, 43756, 0;1, 60522, 9;
1787409522.313981343 0, 44322, 0;1, 60716, 0;
1787409524.521411356 0, 44450, 0;1, 61286, 7;
1787409527.346890150 0, 44450, 0;1, 61642, 0;
1787409530.076731157 0, 44450, 63;1, 61408, 0;
1787409533.034277533 0, 55794, 0;1, 61662, 24;
1787409536.298095193 0, 60790, 0;1, 61722, 13;
1787409539.596819623 0, 60932, 18;1, 61934, 17;
1787409541.842967513 0, 61494, 7;1, 62318, 0;
1787409544.549279847 0, 61906, 0;1, 62572, 2;
1787409547.515411660 0, 62656, 20;1, 62172, 8;
1787409550.355250098 0, 71544, 6;1, 62906, 6;
1787409553.162745194 0, 72366, 0;1, 60432, 0;
1787409556.015462223 0, 72590, 36;1, 60249, 8;
1787409558.820655963 0, 73244, 0;1, 60641, 0;
1787409561.353951477 0, 74182, 0;1, 60605, 1;
1787409564.202375536 0, 75544, 0;1, 58849, 0;
1787409567.129740170 0, 76944, 57;1, 58849, 0;
1787409570.030473476 0, 77034, 100;1, 58849, 0;
1787409572.251686673 0, 77034, 44;1, 58849, 0;
1787409574.723582121 0, 77034, 11;1, 58849, 0;
1787409577.599180988 0, 77034, 0;1, 58849, 0;
1787409580.385727855 0, 77034, 0;1, 58849, 0;
1787409583.168515543 0, 77086, 0;1, 67037, 0;
1787409585.926062128 0, 77086, 0;1, 67037, 0;
1787409588.797502337 0, 76830, 14;1, 67037, 0;
1787409591.464195730 0, 76648, 0;1, 67037, 0;
1787409594.236297962 0, 76190, 0;1, 67037, 0;
1787409596.944688223 0, 75934, 0;1, 67037, 0;
1787409599.601024022 0, 70648, 0;1, 67037, 0;
1787409602.273885003 0, 64034, 0;1, 67037, 0;
1787409604.884212271 0, 63902, 0;1, 67037, 0;
1787409607.473321919 0, 63902, 0;1, 67037, 0;
1787409610.102449488 0, 63902, 0;1, 67037, 0;
1787409612.759970700 0, 63902, 0;1, 67037, 0;
1787409615.894870073 0, 63902, 0;1, 67037, 0;
1787409618.086391650 0, 63902, 0;1, 67037, 0;
1787409620.359870835 0, 63902, 0;1, 67037, 0;
1787409622.974304326 0, 63902, 0;1, 67037, 0;
1787409625.595928366 0, 63902, 0;1, 67037, 0;
1787409628.302892617 0, 63902, 0;1, 67037, 0;
1787409630.927565967 0, 63902, 0;1, 67037, 0;
1787409633.638277112 0, 63902, 0;1, 67037, 0;
1787409636.287836719 0, 63902, 0;1, 67037, 0;
1787409638.922882547 0, 63902, 0;1, 67037, 0;
1787409641.621674739 0, 63902, 0;1, 67037, 0;
1787409644.231841482 0, 63902, 0;1, 67037, 0;
1787409646.882719772 0, 63902, 0;1, 67037, 0;
1787409649.567744577 0, 63902, 0;1, 67037, 0;
1787409652.315354206 0, 63902, 0;1, 67037, 0;
1787409654.917729552 0, 63902, 0;1, 67037, 0;
1787409657.590889395 0, 63902, 0;1, 67037, 0;
1787409660.255208324 0, 63902, 0;1, 67037, 0;
1787409662.878911204 0, 63902, 0;1, 67037, 0;
1787409665.588059954 0, 63902, 0;1, 67037, 0;
1787409668.184012108 0, 63902, 0;1, 67037, 0;
1787409670.886952546 0, 63902, 0;1, 67037, 0;
1787409673.455675829 0, 63902, 0;1, 67037, 0;
1787409676.095284799 0, 63902, 0;1, 67037, 0;
1787409678.791091333 0, 63902, 0;1, 67037, 0;
1787409681.449426323 0, 63902, 0;1, 67037, 0;
1787409684.127948292 0, 63902, 0;1, 67037, 0;
1787409686.764020539 0, 63902, 0;1, 67037, 0;
1787409689.499131548 0, 63902, 0;1, 67037, 0;
1787409691.827553238 0, 63902, 0;1, 67037, 0;
1787409694.638173362 0, 63902, 0;1, 67037, 0;
1787409696.981176773 0, 63902, 0;1, 67037, 0;
1787409699.615620897 0, 63902, 0;1, 67037, 0;
1787409702.198054339 0, 63902, 0;1, 67037, 0;
1787409704.690284654 0, 63902, 0;1, 67037, 0;
1787409707.390015499 0, 63902, 0;1, 67037, 0;
1787409710.135528518 0, 63902, 0;1, 67037, 0;
1787409712.726694493 0, 63902, 0;1, 67037, 0;
1787409715.392836953 0, 63902, 0;1, 67037, 0;
1787409718.285676987 0, 63902, 0;1, 67037, 0;
1787409721.110779018 0, 63902, 0;1, 67037, 0;
1787409723.905218097 0, 63902, 0;1, 67037, 0;
1787409726.539773312 0, 63902, 0;1, 67037, 0;
1787409729.315077383 0, 63902, 0;1, 67037, 0;
1787409731.951990564 0, 63902, 0;1, 67037, 0;
1787409734.702341663 0, 63902, 0;1, 67037, 0;
1787409737.394442832 0, 63902, 0;1, 67037, 0;
1787409740.098937550 0, 63902, 0;1, 67037, 0;
1787409742.821441469 0, 63902, 0;1, 67037, 0;
1787409745.409825712 0, 63902, 0;1, 67037, 0;
1787409748.096242114 0, 63902, 0;1, 67037, 0;
1787409750.634533925 0, 63902, 0;1, 67037, 0;
1787409753.363750822 0, 63902, 0;1, 67037, 0;
1787409756.077878089 0, 63902, 0;1, 67037, 0;
1787409758.801830884 0, 63902, 0;1, 67037, 0;
1787409761.344571707 0, 63902, 0;1, 67037, 0;
1787409764.039677742 0, 63902, 0;1, 67037, 0;
1787409766.673936190 0, 63902, 0;1, 67037, 0;
1787409769.661545123 0, 63902, 0;1, 67037, 0;
1787409772.698115262 0, 63902, 0;1, 67037, 0;
1787409775.512751530 0, 63902, 0;1, 67037, 0;
1787409778.200257658 0, 63902, 0;1, 67037, 0;
1787409780.870026257 0, 63902, 0;1, 67037, 0;
1787409783.496018858 0, 63902, 0;1, 67037, 0;
1787409786.182553903 0, 63902, 0;1, 67037, 0;
1787409788.943281155 0, 63902, 0;1, 67037, 0;
1787409791.707890530 0, 63902, 0;1, 67037, 0;
1787409795.400612045 0, 62316, 0;1, 65659, 0;
1787409799.922403942 0, 60558, 0;1, 63256, 0;
1787409805.141144465 0, 60558, 0;1, 63256, 0;
1787409807.796409751 0, 423, 85;1, 40408, 86;
1787409811.031720667 0, 0, 0;1, 0, 0;
1787409813.094006432 0, 0, 0;1, 0, 0;
1787409815.187966382 0, 0, 0;1, 0, 0;
1787409817.243388429 0, 0, 0;1, 0, 0;
1787409819.295492968 0, 0, 0;1, 0, 0;
1787409821.372144609 0, 0, 0;1, 0, 0;
1787409823.430143097 0, 0, 0;1, 0, 0;
1787409825.489198769 0, 0, 0;1, 0, 0;
1787409827.547716285 0, 0, 0;1, 0, 0;
1787409829.628598616 0, 0, 0;1, 0, 0;
1787409831.704774929 0, 0, 0;1, 0, 0;
1787409833.760073972 0, 0, 0;1, 0, 0;
1787409835.818968258 0, 0, 0;1, 0, 0;
1787409837.877680181 0, 0, 0;1, 0, 0;
