1787414578.229749595 0, 35728, 0;1, 35744, 2;
1787414580.568333320 0, 35822, 55;1, 35934, 79;
1787414582.789028075 0, 35866, 51;1, 36384, 68;
1787414584.971712081 0, 35994, 0;1, 36960, 71;
1787414587.139226163 0, 36102, 37;1, 37638, 68;
1787414589.291784453 0, 36230, 50;1, 37750, 73;
1787414591.452778101 0, 36230, 90;1, 38106, 99;
1787414593.627637396 0, 36486, 48;1, 38512, 49;
1787414595.821146639 0, 36486, 36;1, 38848, 62;
1787414598.019395276 0, 36486, 45;1, 40198, 62;
1787414600.175810686 0, 36696, 60;1, 40198, 99;
1787414602.350924935 0, 51710, 35;1, 40628, 72;
1787414604.539988981 0, 53180, 0;1, 39289, 0;
1787414607.362823493 0, 53882, 98;1, 40295, 99;
1787414609.541227947 0, 53994, 97;1, 40407, 97;
1787414611.702645475 0, 53994, 63;1, 40743, 63;
1787414613.899834710 0, 53994, 63;1, 40743, 50;
1787414616.084296817 0, 53994, 99;1, 40743, 97;
1787414618.279189497 0, 53994, 99;1, 40743, 95;
1787414620.463332264 0, 54572, 100;1, 40743, 96;
1787414622.654032777 0, 55300, 100;1, 40407, 93;
1787414624.904890384 0, 55818, 87;1, 40071, 35;
1787414627.099183492 0, 56240, 99;1, 38839, 38;
1787414629.265356179 0, 56574, 67;1, 38839, 58;
1787414631.431232463 0, 56894, 99;1, 45091, 74;
1787414633.587102950 0, 55272, 100;1, 46855, 59;
1787414635.753433799 0, 55817, 43;1, 46855, 18;
1787414638.067191113 0, 56841, 17;1, 47333, 90;
1787414640.267323636 0, 57907, 81;1, 48267, 98;
1787414642.440081711 0, 58731, 85;1, 48411, 52;
1787414644.622571944 0, 60311, 60;1, 48411, 71;
1787414646.803498716 0, 61175, 76;1, 48411, 53;
1787414648.956439587 0, 61483, 5;1, 48411, 21;
1787414651.183517189 0, 62501, 54;1, 48411, 96;
1787414653.381949724 0, 64075, 96;1, 48411, 98;
1787414655.573016109 0, 65955, 50;1, 48411, 97;
1787414657.765372764 0, 67047, 89;1, 48411, 98;
1787414659.941506577 0, 68589, 96;1, 48411, 98;
1787414662.137011195 0, 70209, 92;1, 51263, 97;
1787414664.320970634 0, 68842, 39;1, 52125, 18;
1787414667.154328012 0, 69244, 91;1, 52881, 80;
1787414669.539681109 0, 69244, 89;1, 53341, 79;
1787414671.794829389 0, 69244, 95;1, 53579, 97;
1787414674.041005669 0, 66856, 79;1, 53579, 72;
1787414676.411502615 0, 66216, 79;1, 53669, 82;
1787414678.666885640 0, 64136, 50;1, 53781, 64;
1787414680.887860078 0, 57640, 21;1, 53781, 86;
1787414683.099612733 0, 54056, 0;1, 53781, 96;
1787414685.358096461 0, 54056, 0;1, 53781, 69;
1787414687.605289282 0, 54056, 0;1, 53781, 99;
1787414689.824939573 0, 54056, 0;1, 53781, 99;
1787414692.025516004 0, 54056, 0;1, 53781, 99;
1787414694.252346746 0, 54056, 0;1, 53781, 99;
1787414696.451466609 0, 54056, 0;1, 54545, 99;
1787414698.666577851 0, 70284, 0;1, 55441, 89;
1787414700.924836092 0, 70284, 0;1, 56499, 91;
1787414703.166592469 0, 70284, 0;1, 57827, 78;
1787414705.391488261 0, 70284, 0;1, 58863, 92;
1787414707.668240291 0, 70284, 0;1, 60897, 70;
1787414709.892913643 0, 70284, 0;1, 62315, 18;
1787414712.091542136 0, 70284, 0;1, 61643, 18;
1787414714.293394371 0, 74046, 0;1, 44483, 8;
1787414716.490853327 0, 74746, 56;1, 44371, 35;
1787414718.740051100 0, 76036, 99;1, 44371, 25;
1787414720.940134055 0, 76426, 70;1, 44931, 18;
1787414723.232173535 0, 76538, 91;1, 44931, 62;
1787414725.490365621 0, 76538, 99;1, 44931, 17;
1787414727.933362322 0, 76538, 71;1, 45043, 39;
1787414730.383856364 0, 76794, 44;1, 45827, 56;
1787414732.637912625 0, 76922, 19;1, 45939, 76;
1787414734.866505770 0, 77052, 55;1, 45939, 40;
1787414737.319462572 0, 77052, 26;1, 45939, 16;
1787414739.514177615 0, 77052, 99;1, 45939, 68;
1787414741.822071068 0, 77052, 99;1, 45939, 68;
1787414744.055308697 0, 77214, 31;1, 41003, 20;
1787414746.410511478 0, 77214, 51;1, 40779, 20;
1787414748.638838205 0, 76830, 98;1, 39425, 35;
1787414750.971527272 0, 73702, 74;1, 36769, 50;
1787414753.258054521 0, 74366, 99;1, 36545, 77;
1787414755.545585967 0, 74926, 99;1, 45061, 81;
1787414757.755518739 0, 75038, 100;1, 43959, 30;
1787414760.009788328 0, 75150, 50;1, 39413, 57;
1787414762.301995048 0, 75150, 99;1, 39675, 23;
1787414764.599048473 0, 75476, 27;1, 39675, 44;
1787414766.941199469 0, 75598, 51;1, 39675, 29;
1787414769.202430757 0, 75710, 99;1, 39675, 31;
1787414771.485699349 0, 75934, 99;1, 39451, 41;
1787414773.786960814 0, 76046, 44;1, 39451, 42;
1787414776.077044903 0, 76158, 47;1, 39451, 67;
1787414778.297428543 0, 76494, 95;1, 39451, 97;
1787414780.535961658 0, 76944, 100;1, 54075, 99;
1787414782.776434856 0, 76734, 94;1, 55679, 79;
1787414785.098207876 0, 79666, 61;1, 55679, 51;
1787414787.374680054 0, 75182, 76;1, 55843, 45;
1787414789.595467089 0, 75694, 95;1, 56585, 73;
1787414791.869271240 0, 76078, 81;1, 57173, 62;
1787414794.247277600 0, 76462, 1;1, 57885, 0;
1787414797.226294945 0, 76590, 74;1, 58199, 81;
1787414799.474037438 0, 76718, 91;1, 58709, 31;
1787414801.658886297 0, 76846, 85;1, 59183, 27;
1787414804.062326565 0, 76846, 71;1, 59695, 93;
1787414806.379615329 0, 76846, 28;1, 60031, 38;
1787414808.623078574 0, 76846, 91;1, 60257, 98;
1787414810.859661263 0, 76846, 92;1, 60481, 100;
1787414813.155162638 0, 76846, 43;1, 60593, 66;
1787414815.434470792 0, 76846, 93;1, 61059, 60;
1787414817.819651507 0, 76846, 92;1, 61283, 66;
1787414820.216361592 0, 76974, 84;1, 61433, 100;
1787414822.564090430 0, 76974, 54;1, 61733, 95;
1787414824.945858513 0, 76974, 11;1, 61845, 99;
1787414827.215016579 0, 76974, 57;1, 62293, 99;
1787414829.504146474 0, 76974, 86;1, 62763, 70;
1787414831.718413603 0, 76718, 83;1, 63825, 99;
1787414833.975339157 0, 74286, 61;1, 64341, 54;
1787414836.206242471 0, 73134, 70;1, 64885, 57;
1787414838.443468100 0, 73134, 86;1, 64997, 92;
1787414840.705215998 0, 72622, 91;1, 65221, 35;
1787414842.896383630 0, 72494, 45;1, 65557, 88;
1787414845.125644045 0, 72494, 90;1, 65781, 100;
1787414847.343096569 0, 72494, 31;1, 66453, 81;
1787414849.643160574 0, 72494, 25;1, 66903, 99;
1787414851.958190342 0, 72494, 91;1, 67575, 100;
1787414854.225873814 0, 72494, 93;1, 68359, 99;
1787414856.644250587 0, 72494, 25;1, 68995, 29;
1787414859.586842149 0, 72494, 92;1, 69143, 54;
1787414861.906294340 0, 72494, 74;1, 69655, 54;
1787414864.271371047 0, 72494, 45;1, 69703, 28;
1787414866.643594393 0, 72494, 91;1, 70515, 98;
1787414868.958674865 0, 72494, 85;1, 70927, 53;
1787414871.326123990 0, 72494, 92;1, 71373, 84;
1787414873.597773063 0, 72494, 85;1, 71825, 56;
1787414875.936304439 0, 72494, 92;1, 72927, 97;
1787414878.178455009 0, 72494, 93;1, 73399, 99;
1787414880.360378815 0, 72494, 21;1, 73511, 89;
1787414882.655950475 0, 72494, 12;1, 73623, 45;
1787414885.062093180 0, 72494, 92;1, 74071, 100;
1787414887.370855702 0, 72494, 63;1, 74519, 100;
1787414889.728022199 0, 72494, 70;1, 74743, 54;
1787414892.044482556 0, 72494, 53;1, 74743, 60;
1787414894.399933302 0, 72494, 91;1, 74743, 21;
1787414896.805140962 0, 72494, 89;1, 74743, 89;
1787414899.246633593 0, 72366, 63;1, 75279, 51;
1787414901.490668971 0, 72366, 33;1, 75639, 30;
1787414903.834968483 0, 72238, 87;1, 75863, 74;
1787414906.163661176 0, 72238, 53;1, 76087, 50;
1787414908.504464464 0, 72238, 78;1, 76179, 28;
1787414910.790712055 0, 72238, 55;1, 76199, 69;
1787414913.144004220 0, 72238, 36;1, 76535, 34;
1787414915.489093679 0, 72238, 12;1, 76535, 85;
1787414917.828878581 0, 72238, 92;1, 76759, 100;
1787414920.176870291 0, 72238, 91;1, 76875, 100;
1787414922.492161885 0, 72750, 39;1, 76983, 50;
1787414924.787015909 0, 72878, 57;1, 77047, 46;
1787414927.092033963 0, 73262, 62;1, 77047, 71;
1787414929.464135261 0, 73646, 41;1, 77047, 66;
1787414931.842581132 0, 74414, 88;1, 77047, 42;
1787414934.223164680 0, 74620, 65;1, 77047, 93;
1787414936.549301272 0, 75438, 31;1, 76935, 68;
1787414938.946385414 0, 76386, 37;1, 76823, 77;
1787414941.366180064 0, 76846, 37;1, 76711, 83;
1787414943.799911200 0, 76846, 37;1, 69655, 65;
1787414946.224866766 0, 76846, 48;1, 69655, 93;
1787414948.698365318 0, 76846, 74;1, 69655, 44;
1787414950.963550311 0, 76846, 89;1, 69831, 49;
1787414953.255279088 0, 76974, 84;1, 69809, 71;
1787414955.610656445 0, 76974, 94;1, 70391, 27;
1787414957.977085759 0, 76974, 56;1, 70055, 41;
1787414960.458028595 0, 76974, 48;1, 70055, 77;
1787414962.775257499 0, 76974, 60;1, 70167, 71;
1787414965.005232541 0, 76974, 78;1, 70391, 86;
1787414967.306937429 0, 76974, 92;1, 70871, 43;
1787414969.656770431 0, 76974, 64;1, 70935, 70;
1787414972.114089225 0, 76974, 19;1, 71149, 47;
1787414974.454843144 0, 76974, 45;1, 71255, 47;
1787414976.878902710 0, 76974, 44;1, 70801, 51;
1787414979.144364370 0, 76974, 36;1, 68807, 55;
1787414981.559162652 0, 76974, 23;1, 68277, 54;
1787414983.956611535 0, 76974, 89;1, 66389, 22;
1787414986.316267707 0, 76974, 0;1, 64439, 19;
1787414989.279473782 0, 76974, 60;1, 50903, 96;
1787414991.504942326 0, 76974, 6;1, 50903, 64;
1787414993.731829212 0, 77294, 98;1, 57043, 49;
1787414995.926303773 0, 76974, 72;1, 59175, 32;
1787414998.329885611 0, 77512, 88;1, 74417, 100;
1787415000.588213534 0, 76792, 34;1, 76033, 39;
1787415002.936218478 0, 76920, 94;1, 76177, 79;
1787415005.226569544 0, 73604, 79;1, 76465, 54;
1787415007.590724771 0, 73604, 93;1, 76901, 73;
1787415009.898780920 0, 73604, 35;1, 76789, 98;
1787415012.174985759 0, 70788, 24;1, 76789, 99;
1787415014.490290858 0, 68356, 0;1, 76933, 46;
1787415016.797516103 0, 68356, 0;1, 76933, 75;
1787415019.077255967 0, 68356, 0;1, 77077, 68;
1787415021.369561809 0, 68356, 0;1, 77199, 77;
1787415023.583822581 0, 68356, 0;1, 77323, 47;
1787415025.804270107 0, 68356, 0;1, 77323, 75;
1787415028.114420123 0, 68356, 0;1, 77323, 54;
1787415030.401633311 0, 68356, 0;1, 77453, 45;
1787415032.671309838 0, 68356, 0;1, 77455, 70;
1787415034.976092778 0, 68356, 0;1, 77455, 37;
1787415037.281729454 0, 68356, 0;1, 77455, 11;
1787415039.723592103 0, 68356, 0;1, 77455, 62;
1787415041.965599790 0, 68356, 0;1, 77455, 29;
1787415044.240662675 0, 68356, 0;1, 77455, 51;
1787415046.470678170 0, 68356, 0;1, 76803, 79;
1787415048.706711856 0, 68356, 0;1, 77027, 81;
1787415050.949777592 0, 68356, 0;1, 77027, 37;
1787415053.147157182 0, 68356, 0;1, 77027, 43;
1787415055.410888531 0, 60858, 52;1, 77099, 100;
1787415057.654534741 0, 60858, 0;1, 77099, 99;
1787415059.895540594 0, 60858, 0;1, 77099, 99;
1787415062.139250645 0, 60858, 0;1, 77099, 100;
1787415064.344523150 0, 60858, 0;1, 77099, 22;
1787415066.607831258 0, 60858, 0;1, 77099, 68;
1787415068.849434176 0, 60858, 0;1, 77099, 20;
1787415071.079496284 0, 60858, 0;1, 77099, 0;
1787415073.315414903 0, 60858, 0;1, 77099, 0;
1787415075.543577329 0, 60858, 0;1, 77099, 0;
1787415077.819471265 0, 60858, 0;1, 77099, 0;
1787415080.017558043 0, 60858, 0;1, 77099, 0;
1787415082.305282941 0, 60858, 0;1, 77099, 0;
1787415084.699847810 0, 60858, 0;1, 77099, 0;
1787415087.017114264 0, 60858, 0;1, 77099, 0;
1787415089.319526694 0, 60858, 0;1, 77099, 0;
1787415091.577407168 0, 60858, 0;1, 77099, 0;
1787415093.848079920 0, 60858, 0;1, 77099, 0;
1787415096.125838102 0, 60858, 0;1, 77099, 0;
1787415098.410702032 0, 60858, 0;1, 77099, 0;
1787415100.671763619 0, 60858, 0;1, 77099, 0;
1787415102.945526284 0, 60858, 0;1, 77099, 0;
1787415105.300166708 0, 60858, 0;1, 77099, 0;
1787415107.576472261 0, 60858, 0;1, 77099, 0;
1787415109.852649774 0, 60858, 0;1, 77099, 0;
1787415112.135486132 0, 60858, 0;1, 77099, 0;
1787415114.385863717 0, 60858, 0;1, 77099, 0;
1787415116.681945977 0, 60858, 0;1, 77099, 0;
1787415118.976999702 0, 60858, 0;1, 77099, 0;
1787415121.312608216 0, 60858, 0;1, 77099, 0;
1787415123.637197406 0, 60858, 0;1, 77099, 0;
1787415125.940428067 0, 60858, 0;1, 77099, 0;
1787415128.207273947 0, 60858, 0;1, 77099, 0;
1787415130.466341623 0, 60858, 0;1, 77099, 0;
1787415132.717633926 0, 60858, 0;1, 77099, 0;
1787415135.006029376 0, 60858, 0;1, 77099, 0;
1787415137.274458488 0, 60858, 0;1, 77099, 0;
1787415139.561677320 0, 60858, 0;1, 77099, 0;
1787415141.855145546 0, 60858, 0;1, 77099, 0;
1787415144.229544933 0, 60858, 0;1, 77099, 0;
1787415146.615178827 0, 60858, 0;1, 77099, 0;
1787415148.936063383 0, 60858, 0;1, 77099, 0;
1787415151.267517804 0, 60858, 0;1, 77099, 0;
1787415153.567951589 0, 60858, 0;1, 77099, 0;
1787415155.916082045 0, 60858, 0;1, 77099, 0;
1787415158.250136133 0, 60858, 0;1, 77099, 0;
1787415160.606125855 0, 60858, 0;1, 77099, 0;
1787415162.875052573 0, 60858, 0;1, 77099, 0;
1787415165.189694328 0, 60858, 0;1, 77099, 0;
1787415167.507673666 0, 60858, 0;1, 77099, 0;
1787415169.821896899 0, 60858, 0;1, 77099, 0;
1787415172.095075548 0, 60858, 0;1, 77099, 0;
1787415174.380736624 0, 60858, 0;1, 77099, 0;
1787415176.718963543 0, 60858, 0;1, 77099, 0;
1787415179.000147859 0, 60858, 0;1, 77099, 0;
1787415181.319447447 0, 60858, 0;1, 77099, 0;
1787415183.655991327 0, 60858, 0;1, 77099, 0;
1787415185.998760179 0, 60858, 0;1, 77099, 0;
1787415188.283152917 0, 60858, 0;1, 77099, 0;
1787415190.539401870 0, 60858, 0;1, 77099, 0;
1787415193.033261820 0, 60858, 0;1, 77099, 0;
1787415195.387555113 0, 60858, 0;1, 77099, 0;
1787415197.596052826 0, 60858, 0;1, 77099, 0;
1787415199.923392893 0, 60858, 0;1, 77099, 0;
1787415202.222808777 0, 60858, 0;1, 77099, 0;
1787415204.714818295 0, 60858, 0;1, 77099, 0;
1787415206.936657822 0, 60858, 0;1, 77099, 0;
1787415209.201487897 0, 60858, 0;1, 77099, 0;
1787415211.503523900 0, 60858, 0;1, 77099, 0;
1787415213.853372274 0, 60858, 0;1, 77099, 0;
1787415216.168202456 0, 60858, 0;1, 77099, 0;
1787415218.506479431 0, 60858, 0;1, 77099, 0;
1787415220.872252556 0, 60858, 0;1, 77099, 0;
1787415223.224792360 0, 60858, 0;1, 77099, 0;
1787415225.567882029 0, 60858, 0;1, 77099, 0;
1787415227.861388955 0, 60858, 0;1, 77099, 0;
1787415230.154282346 0, 60858, 0;1, 77099, 0;
1787415232.473479190 0, 60858, 0;1, 77099, 0;
1787415234.807812389 0, 60858, 0;1, 77099, 0;
1787415237.116584721 0, 60858, 0;1, 77099, 0;
1787415239.408074294 0, 60858, 0;1, 77099, 0;
1787415241.770576418 0, 60858, 0;1, 77099, 0;
1787415244.073731822 0, 60858, 0;1, 77099, 0;
1787415246.320507136 0, 60858, 0;1, 77099, 0;
1787415248.679763209 0, 60858, 0;1, 77099, 0;
1787415250.989789611 0, 60858, 0;1, 77099, 0;
1787415253.339844941 0, 60858, 0;1, 77099, 0;
1787415255.690339224 0, 60858, 0;1, 77099, 0;
1787415258.062882930 0, 60858, 0;1, 77099, 0;
1787415260.421640181 0, 60858, 0;1, 77099, 0;
1787415262.776892987 0, 60858, 0;1, 77099, 0;
1787415265.181784158 0, 60858, 0;1, 77099, 0;
1787415267.548243633 0, 60858, 0;1, 77099, 0;
1787415270.060074414 0, 60858, 0;1, 77099, 0;
1787415272.358655080 0, 60858, 0;1, 77099, 0;
1787415274.568762362 0, 60858, 0;1, 77099, 0;
1787415276.807579773 0, 60858, 0;1, 77099, 0;
1787415279.064013967 0, 60858, 0;1, 77099, 0;
1787415281.290453782 0, 60858, 0;1, 77099, 0;
1787415283.589507602 0, 60858, 0;1, 77099, 0;
1787415285.860925840 0, 60858, 0;1, 77099, 0;
1787415288.177003197 0, 60858, 0;1, 77099, 0;
1787415290.534797844 0, 60858, 0;1, 77099, 0;
1787415292.860657070 0, 60858, 0;1, 77099, 0;
1787415295.180791626 0, 60858, 0;1, 77099, 0;
1787415297.558627462 0, 60858, 0;1, 77099, 0;
1787415299.917890931 0, 60858, 0;1, 77099, 0;
1787415302.204411774 0, 60858, 0;1, 77099, 0;
1787415304.562844357 0, 60858, 0;1, 77099, 0;
1787415306.847459028 0, 60858, 0;1, 77099, 0;
1787415309.167034992 0, 60858, 0;1, 77099, 0;
1787415311.503350582 0, 60858, 0;1, 77099, 0;
1787415313.847041393 0, 60858, 0;1, 77099, 0;
1787415316.034551342 0, 60858, 0;1, 77099, 0;
1787415318.285682432 0, 60858, 0;1, 77099, 0;
1787415320.501637679 0, 60858, 0;1, 77099, 0;
1787415322.736260215 0, 60858, 0;1, 77099, 0;
1787415325.015249368 0, 60858, 0;1, 77099, 0;
1787415327.344638562 0, 60858, 0;1, 77099, 0;
1787415329.638206767 0, 60858, 0;1, 77099, 0;
1787415332.135034991 0, 60858, 0;1, 77099, 0;
1787415334.356453256 0, 60858, 0;1, 77099, 0;
1787415336.678979753 0, 60858, 0;1, 77099, 0;
1787415338.999028282 0, 60858, 0;1, 77099, 0;
1787415341.319577855 0, 60858, 0;1, 77099, 0;
1787415343.602498348 0, 60858, 0;1, 77099, 0;
1787415345.951712730 0, 60858, 0;1, 77099, 0;
1787415348.241816473 0, 60858, 0;1, 77099, 0;
1787415350.527399124 0, 60858, 0;1, 77099, 0;
1787415352.919923397 0, 60858, 0;1, 77099, 0;
1787415355.153722060 0, 60858, 0;1, 77099, 0;
1787415357.430801243 0, 60858, 0;1, 77099, 0;
1787415359.731462250 0, 60858, 0;1, 77099, 0;
1787415362.042753920 0, 60858, 0;1, 77099, 0;
1787415364.368736213 0, 60858, 0;1, 77099, 0;
1787415366.573501596 0, 60858, 0;1, 77099, 0;
1787415368.943538734 0, 60858, 0;1, 77099, 0;
1787415371.211442514 0, 60858, 0;1, 77099, 0;
1787415373.490766924 0, 60858, 0;1, 77099, 0;
1787415375.799568389 0, 60858, 0;1, 77099, 0;
1787415378.058358766 0, 60858, 0;1, 77099, 0;
1787415380.427739161 0, 60858, 0;1, 77099, 0;
1787415382.686724871 0, 60858, 0;1, 77099, 0;
1787415384.938796372 0, 60858, 0;1, 77099, 0;
1787415387.250722459 0, 60858, 0;1, 77099, 0;
1787415389.587317658 0, 60858, 0;1, 77099, 0;
1787415391.868856464 0, 60858, 0;1, 77099, 0;
1787415394.175293384 0, 60858, 0;1, 77099, 0;
1787415396.370104259 0, 60858, 0;1, 77099, 0;
1787415398.701486842 0, 60858, 0;1, 77099, 0;
1787415400.892753933 0, 60858, 0;1, 77099, 0;
1787415403.082440034 0, 60858, 0;1, 77099, 0;
1787415405.295106314 0, 60858, 0;1, 77099, 0;
1787415407.469582049 0, 60858, 0;1, 77099, 0;
1787415409.786422082 0, 60858, 0;1, 77099, 0;
1787415412.011512438 0, 60858, 0;1, 77099, 0;
1787415414.181661614 0, 60858, 0;1, 77099, 0;
1787415416.362833597 0, 60858, 0;1, 77099, 0;
1787415418.541703103 0, 60858, 0;1, 77099, 0;
1787415421.051046891 0, 60858, 0;1, 77099, 0;
1787415423.211223789 0, 60858, 0;1, 77099, 0;
1787415425.475489688 0, 60858, 0;1, 77099, 0;
1787415427.678510233 0, 60858, 0;1, 77099, 0;
1787415429.849958298 0, 60858, 0;1, 77099, 0;
1787415432.036066156 0, 60858, 0;1, 77099, 0;
1787415434.201866323 0, 60858, 0;1, 77099, 0;
1787415436.361943851 0, 60858, 0;1, 77099, 0;
1787415438.593325623 0, 60858, 0;1, 77099, 0;
1787415440.789409820 0, 60858, 0;1, 77099, 0;
1787415442.961249570 0, 60858, 0;1, 77099, 0;
1787415445.159788284 0, 60858, 0;1, 77099, 0;
1787415447.340193933 0, 60858, 0;1, 77099, 0;
1787415449.553733263 0, 60858, 0;1, 77099, 0;
1787415451.738937545 0, 60858, 0;1, 77099, 0;
1787415453.975063381 0, 60858, 0;1, 77099, 0;
1787415456.214255509 0, 60858, 0;1, 77099, 0;
1787415458.452464839 0, 60858, 0;1, 77099, 0;
1787415460.719991953 0, 60858, 0;1, 77099, 0;
1787415462.934491259 0, 60858, 0;1, 77099, 0;
1787415465.171005399 0, 60858, 0;1, 77099, 0;
1787415467.443559848 0, 60858, 0;1, 77099, 0;
1787415469.688556346 0, 60858, 0;1, 77099, 0;
1787415471.925435929 0, 60858, 0;1, 77099, 0;
1787415474.163128127 0, 60858, 0;1, 77099, 0;
1787415476.420114959 0, 60858, 0;1, 77099, 0;
1787415478.651305102 0, 60858, 0;1, 77099, 0;
1787415480.886310782 0, 60858, 0;1, 77099, 0;
1787415483.123475297 0, 60858, 0;1, 77099, 0;
1787415485.380830561 0, 60858, 0;1, 77099, 0;
1787415487.726913852 0, 60858, 0;1, 77099, 0;
1787415489.995347425 0, 60858, 0;1, 77099, 0;
1787415492.273210652 0, 60858, 0;1, 77099, 0;
1787415494.521071652 0, 60858, 0;1, 77099, 0;
1787415496.790301500 0, 60858, 0;1, 77099, 0;
1787415499.135789187 0, 60858, 0;1, 77099, 0;
1787415501.403030851 0, 60858, 0;1, 77099, 0;
1787415503.746707996 0, 60858, 0;1, 77099, 0;
1787415506.081613051 0, 60858, 0;1, 77099, 0;
1787415508.303155228 0, 60858, 0;1, 77099, 0;
1787415510.539326508 0, 60858, 0;1, 77099, 0;
1787415512.807186187 0, 60858, 0;1, 77099, 0;
1787415515.055023708 0, 60858, 0;1, 77099, 0;
1787415517.293938307 0, 60858, 0;1, 77099, 0;
1787415519.555108511 0, 60858, 0;1, 77099, 0;
1787415521.943922139 0, 60858, 0;1, 77099, 0;
1787415524.179910889 0, 60858, 0;1, 77099, 0;
1787415526.420085817 0, 60858, 0;1, 77099, 0;
1787415528.660906020 0, 60858, 0;1, 77099, 0;
1787415530.904950715 0, 60858, 0;1, 77099, 0;
1787415533.169312381 0, 60858, 0;1, 77099, 0;
1787415535.506352392 0, 60858, 0;1, 77099, 0;
1787415537.759752872 0, 60858, 0;1, 77099, 0;
1787415540.008829693 0, 60858, 0;1, 77099, 0;
1787415542.240770015 0, 60858, 0;1, 77099, 0;
1787415544.512619244 0, 60858, 0;1, 77099, 0;
1787415546.782848042 0, 60858, 0;1, 77099, 0;
1787415549.031621161 0, 60858, 0;1, 77099, 0;
1787415551.283061049 0, 60858, 0;1, 77099, 0;
1787415553.544873088 0, 60858, 0;1, 77099, 0;
1787415555.767365036 0, 60858, 0;1, 77099, 0;
1787415558.026082134 0, 60858, 0;1, 77099, 0;
1787415560.298729899 0, 60858, 0;1, 77099, 0;
1787415562.580437177 0, 60858, 0;1, 77099, 0;
1787415564.858935583 0, 60858, 0;1, 77099, 0;
1787415567.088466760 0, 60858, 0;1, 77099, 0;
1787415569.357279459 0, 60858, 0;1, 77099, 0;
1787415571.716140663 0, 60858, 0;1, 77099, 0;
1787415573.966804297 0, 60858, 0;1, 77099, 0;
1787415576.229946787 0, 60858, 0;1, 77099, 0;
1787415578.470884403 0, 60858, 0;1, 77099, 0;
1787415580.827935345 0, 60858, 0;1, 77099, 0;
1787415583.216466845 0, 60858, 0;1, 77099, 0;
1787415585.451996774 0, 60858, 0;1, 77099, 0;
1787415587.683595526 0, 60858, 0;1, 77099, 0;
1787415589.945523839 0, 60858, 0;1, 77099, 0;
1787415592.191780934 0, 60858, 0;1, 77099, 0;
1787415594.450865576 0, 60858, 0;1, 77099, 0;
1787415596.690644205 0, 60858, 0;1, 77099, 0;
1787415598.943466545 0, 60858, 0;1, 77099, 0;
1787415601.181624855 0, 60858, 0;1, 77099, 0;
1787415603.427425526 0, 60858, 0;1, 77099, 0;
1787415605.683679510 0, 60858, 0;1, 77099, 0;
1787415607.950228935 0, 60858, 0;1, 77099, 0;
1787415610.191027682 0, 60858, 0;1, 77099, 0;
1787415612.449353120 0, 60858, 0;1, 77099, 0;
1787415614.681204195 0, 60858, 0;1, 77099, 0;
1787415616.892399867 0, 60858, 0;1, 77099, 0;
1787415619.116309687 0, 60858, 0;1, 77099, 0;
1787415621.362473552 0, 60858, 0;1, 77099, 0;
1787415623.599023379 0, 60858, 0;1, 77099, 0;
1787415625.849373273 0, 60858, 0;1, 77099, 0;
1787415628.067229231 0, 60858, 0;1, 77099, 0;
1787415630.339431037 0, 60858, 0;1, 77099, 0;
1787415632.578593544 0, 60858, 0;1, 77099, 0;
1787415634.850240106 0, 60858, 0;1, 77099, 0;
1787415637.118709085 0, 60858, 0;1, 77099, 0;
1787415639.361989901 0, 60858, 0;1, 77099, 0;
1787415641.607811094 0, 60858, 0;1, 77099, 0;
1787415644.015243498 0, 60858, 0;1, 77099, 0;
1787415646.255503803 0, 60858, 0;1, 77099, 0;
1787415648.534119804 0, 60858, 0;1, 77099, 0;
1787415650.767797793 0, 60858, 0;1, 77099, 0;
1787415653.034083359 0, 60858, 0;1, 77099, 0;
1787415655.271718005 0, 60858, 0;1, 77099, 0;
1787415657.580427705 0, 60858, 0;1, 77099, 0;
1787415659.943159791 0, 60858, 0;1, 77099, 0;
1787415662.168954636 0, 60858, 0;1, 77099, 0;
1787415664.467867219 0, 60858, 0;1, 77099, 0;
1787415666.702390524 0, 60858, 0;1, 77099, 0;
1787415668.959462826 0, 60858, 0;1, 77099, 0;
1787415671.211854976 0, 60858, 0;1, 77099, 0;
1787415673.467934501 0, 60858, 0;1, 77099, 0;
1787415675.727068288 0, 60858, 0;1, 77099, 0;
1787415677.973659459 0, 60858, 0;1, 77099, 0;
1787415680.251807397 0, 60858, 0;1, 77099, 0;
1787415682.519379113 0, 60858, 0;1, 77099, 0;
1787415684.786858338 0, 60858, 0;1, 77099, 0;
1787415687.042934944 0, 60858, 0;1, 77099, 0;
1787415689.313660982 0, 60858, 0;1, 77099, 0;
1787415691.543562717 0, 60858, 0;1, 77099, 0;
1787415693.953640502 0, 60858, 0;1, 77099, 0;
1787415696.215342637 0, 60858, 0;1, 77099, 0;
1787415698.495303010 0, 60858, 0;1, 77099, 0;
1787415700.732817768 0, 60858, 0;1, 77099, 0;
1787415702.975130899 0, 60858, 0;1, 77099, 0;
1787415705.347908275 0, 60858, 0;1, 77099, 0;
1787415707.623326827 0, 60858, 0;1, 77099, 0;
1787415709.862392545 0, 60858, 0;1, 77099, 0;
1787415712.111760056 0, 60858, 0;1, 77099, 0;
1787415714.354949044 0, 60858, 0;1, 77099, 0;
1787415716.651353521 0, 60858, 0;1, 77099, 0;
1787415718.906886635 0, 60858, 0;1, 77099, 0;
1787415721.185038335 0, 60858, 0;1, 77099, 0;
1787415723.407888442 0, 60858, 0;1, 77099, 0;
1787415725.658829264 0, 60858, 0;1, 77099, 0;
1787415727.926912235 0, 60858, 0;1, 77099, 0;
1787415730.149003697 0, 60858, 0;1, 77099, 0;
1787415732.387515013 0, 60858, 0;1, 77099, 0;
1787415734.755708079 0, 60858, 0;1, 77099, 0;
1787415736.988567755 0, 60858, 0;1, 77099, 0;
1787415739.211236772 0, 60858, 0;1, 77099, 0;
1787415741.456712626 0, 60858, 0;1, 77099, 0;
1787415743.695837917 0, 60858, 0;1, 77099, 0;
1787415745.965285418 0, 60858, 0;1, 77099, 0;
1787415748.212940348 0, 60858, 0;1, 77099, 0;
1787415750.439744403 0, 60858, 0;1, 77099, 0;
1787415752.706513856 0, 60858, 0;1, 77099, 0;
1787415754.980322578 0, 60858, 0;1, 77099, 0;
1787415757.234972357 0, 60858, 0;1, 77099, 0;
1787415759.488652999 0, 60858, 0;1, 77099, 0;
1787415761.714712869 0, 60858, 0;1, 77099, 0;
1787415763.959207498 0, 60858, 0;1, 77099, 0;
1787415766.196969020 0, 60858, 0;1, 77099, 0;
1787415768.443123830 0, 60858, 0;1, 77099, 0;
1787415770.682699455 0, 60858, 0;1, 77099, 0;
1787415772.962600800 0, 60858, 0;1, 77099, 0;
1787415775.198777481 0, 60858, 0;1, 77099, 0;
1787415777.434847532 0, 60858, 0;1, 77099, 0;
1787415779.679997545 0, 60858, 0;1, 77099, 0;
1787415781.959812369 0, 60858, 0;1, 77099, 0;
1787415784.209673446 0, 60858, 0;1, 77099, 0;
1787415786.455975758 0, 60858, 0;1, 77099, 0;
1787415788.861966748 0, 60858, 0;1, 77099, 0;
1787415791.121420871 0, 60858, 0;1, 77099, 0;
1787415793.386718906 0, 60858, 0;1, 77099, 0;
1787415795.655906017 0, 60858, 0;1, 77099, 0;
1787415797.903071485 0, 60858, 0;1, 77099, 0;
1787415800.187192150 0, 60858, 0;1, 77099, 0;
1787415802.418292356 0, 60858, 0;1, 77099, 0;
1787415804.655539886 0, 60858, 0;1, 77099, 0;
1787415806.907863971 0, 60858, 0;1, 77099, 0;
1787415809.162727392 0, 60858, 0;1, 77099, 0;
1787415811.595214158 0, 60858, 0;1, 77099, 0;
1787415814.019798168 0, 60858, 0;1, 77099, 0;
1787415816.267222999 0, 60858, 0;1, 77099, 0;
1787415818.536383720 0, 60858, 0;1, 77099, 0;
1787415820.786942712 0, 60858, 0;1, 77099, 0;
1787415823.057292692 0, 60858, 0;1, 77099, 0;
1787415825.311559261 0, 60858, 0;1, 77099, 0;
1787415827.559507296 0, 60858, 0;1, 77099, 0;
1787415829.790419132 0, 60858, 0;1, 77099, 0;
1787415832.060140048 0, 60858, 0;1, 77099, 0;
1787415834.292317793 0, 60858, 0;1, 77099, 0;
1787415836.559833484 0, 60858, 0;1, 77099, 0;
1787415838.803745731 0, 60858, 0;1, 77099, 0;
1787415841.047365956 0, 60858, 0;1, 77099, 0;
1787415843.296607110 0, 60858, 0;1, 77099, 0;
1787415845.558958775 0, 60858, 0;1, 77099, 0;
1787415847.837005249 0, 60858, 0;1, 77099, 0;
1787415850.245890352 0, 60858, 0;1, 77099, 0;
1787415852.504194419 0, 60858, 0;1, 77099, 0;
1787415854.749699977 0, 60858, 0;1, 77099, 0;
1787415856.958696622 0, 60858, 0;1, 77099, 0;
1787415859.201802364 0, 60858, 0;1, 77099, 0;
1787415861.467744865 0, 60858, 0;1, 77099, 0;
1787415863.728707571 0, 60858, 0;1, 77099, 0;
1787415865.983800056 0, 60858, 0;1, 77099, 0;
1787415868.227465972 0, 60858, 0;1, 77099, 0;
1787415870.492292175 0, 60858, 0;1, 77099, 0;
1787415872.741074147 0, 60858, 0;1, 77099, 0;
1787415874.987617343 0, 60858, 0;1, 77099, 0;
1787415877.246975458 0, 60858, 0;1, 77099, 0;
1787415879.507156359 0, 60858, 0;1, 77099, 0;
1787415881.754295360 0, 60858, 0;1, 77099, 0;
1787415883.992663600 0, 60858, 0;1, 77099, 0;
1787415886.226685029 0, 60858, 0;1, 77099, 0;
1787415888.461533234 0, 60858, 0;1, 77099, 0;
1787415890.695427053 0, 60858, 0;1, 77099, 0;
1787415892.935001092 0, 60858, 0;1, 77099, 0;
1787415895.178918020 0, 60858, 0;1, 77099, 0;
1787415897.451062175 0, 60858, 0;1, 77099, 0;
1787415899.684298949 0, 60858, 0;1, 77099, 0;
1787415901.936502706 0, 60858, 0;1, 77099, 0;
1787415904.203126492 0, 60858, 0;1, 77099, 0;
1787415906.455301078 0, 60858, 0;1, 77099, 0;
1787415908.730935547 0, 60858, 0;1, 77099, 0;
1787415910.946258678 0, 60858, 0;1, 77099, 0;
1787415913.175328064 0, 60858, 0;1, 77099, 0;
1787415915.426762155 0, 60858, 0;1, 77099, 0;
1787415917.643171613 0, 60858, 0;1, 77099, 0;
1787415919.867976099 0, 60858, 0;1, 77099, 0;
1787415922.110385508 0, 60858, 0;1, 77099, 0;
1787415924.342983039 0, 60858, 0;1, 77099, 0;
1787415926.675971176 0, 60858, 0;1, 77099, 0;
1787415928.843074782 0, 60858, 0;1, 77099, 0;
1787415931.095255149 0, 60858, 0;1, 77099, 0;
1787415933.302570885 0, 60858, 0;1, 77099, 0;
1787415935.533517624 0, 60858, 0;1, 77099, 0;
1787415937.747729308 0, 60858, 0;1, 77099, 0;
1787415939.979621444 0, 60858, 0;1, 77099, 0;
1787415942.333493907 0, 60858, 0;1, 77099, 0;
1787415944.613605388 0, 60858, 0;1, 77099, 0;
1787415946.929939281 0, 60858, 0;1, 77099, 0;
1787415949.247444361 0, 60858, 0;1, 77099, 0;
1787415951.501051289 0, 60858, 0;1, 77099, 0;
1787415953.843644744 0, 60858, 0;1, 77099, 0;
1787415956.179588483 0, 60858, 0;1, 77099, 0;
1787415958.464500288 0, 60858, 0;1, 77099, 0;
1787415960.886896607 0, 60858, 0;1, 77099, 0;
1787415963.243965673 0, 60858, 0;1, 77099, 0;
1787415965.613951939 0, 60858, 0;1, 77099, 0;
1787415968.113353413 0, 60858, 0;1, 77099, 0;
1787415970.357782527 0, 60858, 0;1, 77099, 0;
1787415972.642429280 0, 60858, 0;1, 77099, 0;
1787415974.879627864 0, 60858, 0;1, 77099, 0;
1787415977.110649605 0, 60858, 0;1, 77099, 0;
1787415979.338325693 0, 60858, 0;1, 77099, 0;
1787415981.615457054 0, 60858, 0;1, 77099, 0;
1787415983.947966890 0, 60858, 0;1, 77099, 0;
1787415986.265877975 0, 60858, 0;1, 77099, 0;
1787415988.526538682 0, 60858, 0;1, 77099, 0;
1787415990.782017623 0, 60858, 0;1, 77099, 0;
1787415993.053807207 0, 60858, 0;1, 77099, 0;
1787415995.333682648 0, 60858, 0;1, 77099, 0;
1787415997.582509313 0, 60858, 0;1, 77099, 0;
1787415999.823120571 0, 60858, 0;1, 77099, 0;
1787416002.094219331 0, 60858, 0;1, 77099, 0;
1787416004.411382131 0, 60858, 0;1, 77099, 0;
1787416006.679781782 0, 60858, 0;1, 77099, 0;
1787416008.955028221 0, 60858, 0;1, 77099, 0;
1787416011.253008567 0, 60858, 0;1, 77099, 0;
1787416013.565314174 0, 60858, 0;1, 77099, 0;
1787416015.875603936 0, 60858, 0;1, 77099, 0;
1787416018.165313016 0, 60858, 0;1, 77099, 0;
1787416020.438948753 0, 60858, 0;1, 77099, 0;
1787416022.705953515 0, 60858, 0;1, 77099, 0;
1787416025.042711941 0, 60858, 0;1, 77099, 0;
1787416027.323740081 0, 60858, 0;1, 77099, 0;
1787416029.594113036 0, 60858, 0;1, 77099, 0;
1787416031.864043908 0, 60858, 0;1, 77099, 0;
1787416034.147894277 0, 60858, 0;1, 77099, 0;
1787416036.415216682 0, 60858, 0;1, 77099, 0;
1787416038.769810682 0, 60858, 0;1, 77099, 0;
1787416041.001502569 0, 60858, 0;1, 77099, 0;
1787416043.286276435 0, 60858, 0;1, 77099, 0;
1787416045.559109078 0, 60858, 0;1, 77099, 0;
1787416047.786468335 0, 60858, 0;1, 77099, 0;
1787416050.077779136 0, 60858, 0;1, 77099, 0;
1787416052.374885138 0, 60858, 0;1, 77099, 0;
1787416054.694442215 0, 60858, 0;1, 77099, 0;
1787416056.943587193 0, 60858, 0;1, 77099, 0;
1787416059.190345306 0, 60858, 0;1, 77099, 0;
1787416061.513771230 0, 60858, 0;1, 77099, 0;
1787416063.762112073 0, 60858, 0;1, 77099, 0;
1787416066.084611491 0, 60858, 0;1, 77099, 0;
1787416068.388641141 0, 60858, 0;1, 77099, 0;
1787416070.604350838 0, 60858, 0;1, 77099, 0;
1787416073.006716990 0, 60858, 0;1, 77099, 0;
1787416075.259141932 0, 60858, 0;1, 77099, 0;
1787416077.673975222 0, 60858, 0;1, 77099, 0;
